2024/01/04-17:35:43.178761 11890fe00 RocksDB version: 6.12.7
2024/01/04-17:35:43.179281 11890fe00 Git sha rocksdb_build_git_sha:@0@
2024/01/04-17:35:43.179286 11890fe00 Compile date Jul 27 2021
2024/01/04-17:35:43.179309 11890fe00 DB SUMMARY
2024/01/04-17:35:43.179311 11890fe00 DB Session ID:  TBU06CHGXS0YWZT709RD
2024/01/04-17:35:43.179471 11890fe00 CURRENT file:  CURRENT
2024/01/04-17:35:43.179473 11890fe00 IDENTITY file:  IDENTITY
2024/01/04-17:35:43.179481 11890fe00 MANIFEST file:  MANIFEST-000561 size: 14480 Bytes
2024/01/04-17:35:43.179483 11890fe00 SST files in /Users/michaelreyes/dev/Angular-ICP/.dfx/state/replicated_state/node-100/ic_consensus_pool/consensus dir, Total Num: 102, files: 000440.sst 000441.sst 000442.sst 000443.sst 000444.sst 000445.sst 000446.sst 000447.sst 000448.sst 
2024/01/04-17:35:43.179484 11890fe00 Write Ahead Log file in /Users/michaelreyes/dev/Angular-ICP/.dfx/state/replicated_state/node-100/ic_consensus_pool/consensus: 000562.log size: 60223 ; 
2024/01/04-17:35:43.179487 11890fe00                         Options.error_if_exists: 0
2024/01/04-17:35:43.179489 11890fe00                       Options.create_if_missing: 1
2024/01/04-17:35:43.179490 11890fe00                         Options.paranoid_checks: 1
2024/01/04-17:35:43.179491 11890fe00                                     Options.env: 0x10b71f7e8
2024/01/04-17:35:43.179492 11890fe00                                      Options.fs: Posix File System
2024/01/04-17:35:43.179492 11890fe00                                Options.info_log: 0x7fd73e415e80
2024/01/04-17:35:43.179493 11890fe00                Options.max_file_opening_threads: 16
2024/01/04-17:35:43.179494 11890fe00                              Options.statistics: 0x0
2024/01/04-17:35:43.179494 11890fe00                               Options.use_fsync: 1
2024/01/04-17:35:43.179495 11890fe00                       Options.max_log_file_size: 0
2024/01/04-17:35:43.179496 11890fe00                  Options.max_manifest_file_size: 1073741824
2024/01/04-17:35:43.179496 11890fe00                   Options.log_file_time_to_roll: 0
2024/01/04-17:35:43.179497 11890fe00                       Options.keep_log_file_num: 1000
2024/01/04-17:35:43.179498 11890fe00                    Options.recycle_log_file_num: 0
2024/01/04-17:35:43.179498 11890fe00                         Options.allow_fallocate: 1
2024/01/04-17:35:43.179499 11890fe00                        Options.allow_mmap_reads: 0
2024/01/04-17:35:43.179500 11890fe00                       Options.allow_mmap_writes: 0
2024/01/04-17:35:43.179500 11890fe00                        Options.use_direct_reads: 0
2024/01/04-17:35:43.179501 11890fe00                        Options.use_direct_io_for_flush_and_compaction: 0
2024/01/04-17:35:43.179502 11890fe00          Options.create_missing_column_families: 1
2024/01/04-17:35:43.179502 11890fe00                              Options.db_log_dir: 
2024/01/04-17:35:43.179503 11890fe00                                 Options.wal_dir: /Users/michaelreyes/dev/Angular-ICP/.dfx/state/replicated_state/node-100/ic_consensus_pool/consensus
2024/01/04-17:35:43.179504 11890fe00                Options.table_cache_numshardbits: 6
2024/01/04-17:35:43.179504 11890fe00                         Options.WAL_ttl_seconds: 0
2024/01/04-17:35:43.179505 11890fe00                       Options.WAL_size_limit_MB: 0
2024/01/04-17:35:43.179506 11890fe00                        Options.max_write_batch_group_size_bytes: 1048576
2024/01/04-17:35:43.179506 11890fe00             Options.manifest_preallocation_size: 4194304
2024/01/04-17:35:43.179507 11890fe00                     Options.is_fd_close_on_exec: 1
2024/01/04-17:35:43.179508 11890fe00                   Options.advise_random_on_open: 1
2024/01/04-17:35:43.179508 11890fe00                    Options.db_write_buffer_size: 0
2024/01/04-17:35:43.179509 11890fe00                    Options.write_buffer_manager: 0x7fd73e415d40
2024/01/04-17:35:43.179529 11890fe00         Options.access_hint_on_compaction_start: 1
2024/01/04-17:35:43.179529 11890fe00  Options.new_table_reader_for_compaction_inputs: 0
2024/01/04-17:35:43.179530 11890fe00           Options.random_access_max_buffer_size: 1048576
2024/01/04-17:35:43.179552 11890fe00                      Options.use_adaptive_mutex: 0
2024/01/04-17:35:43.179553 11890fe00                            Options.rate_limiter: 0x0
2024/01/04-17:35:43.179556 11890fe00     Options.sst_file_manager.rate_bytes_per_sec: 0
2024/01/04-17:35:43.179558 11890fe00                       Options.wal_recovery_mode: 2
2024/01/04-17:35:43.179559 11890fe00                  Options.enable_thread_tracking: 0
2024/01/04-17:35:43.179560 11890fe00                  Options.enable_pipelined_write: 0
2024/01/04-17:35:43.179561 11890fe00                  Options.unordered_write: 0
2024/01/04-17:35:43.179561 11890fe00         Options.allow_concurrent_memtable_write: 1
2024/01/04-17:35:43.179562 11890fe00      Options.enable_write_thread_adaptive_yield: 1
2024/01/04-17:35:43.179563 11890fe00             Options.write_thread_max_yield_usec: 100
2024/01/04-17:35:43.179564 11890fe00            Options.write_thread_slow_yield_usec: 3
2024/01/04-17:35:43.179565 11890fe00                               Options.row_cache: None
2024/01/04-17:35:43.179566 11890fe00                              Options.wal_filter: None
2024/01/04-17:35:43.179570 11890fe00             Options.avoid_flush_during_recovery: 0
2024/01/04-17:35:43.179571 11890fe00             Options.allow_ingest_behind: 0
2024/01/04-17:35:43.179572 11890fe00             Options.preserve_deletes: 0
2024/01/04-17:35:43.179573 11890fe00             Options.two_write_queues: 0
2024/01/04-17:35:43.179574 11890fe00             Options.manual_wal_flush: 0
2024/01/04-17:35:43.179575 11890fe00             Options.atomic_flush: 0
2024/01/04-17:35:43.179576 11890fe00             Options.avoid_unnecessary_blocking_io: 0
2024/01/04-17:35:43.179576 11890fe00                 Options.persist_stats_to_disk: 0
2024/01/04-17:35:43.179577 11890fe00                 Options.write_dbid_to_manifest: 0
2024/01/04-17:35:43.179579 11890fe00                 Options.log_readahead_size: 0
2024/01/04-17:35:43.179580 11890fe00                 Options.file_checksum_gen_factory: Unknown
2024/01/04-17:35:43.179582 11890fe00                 Options.best_efforts_recovery: 0
2024/01/04-17:35:43.179583 11890fe00                Options.max_bgerror_resume_count: 2147483647
2024/01/04-17:35:43.179584 11890fe00            Options.bgerror_resume_retry_interval: 1000000
2024/01/04-17:35:43.179586 11890fe00             Options.max_background_jobs: 2
2024/01/04-17:35:43.179587 11890fe00             Options.max_background_compactions: -1
2024/01/04-17:35:43.179587 11890fe00             Options.max_subcompactions: 1
2024/01/04-17:35:43.179588 11890fe00             Options.avoid_flush_during_shutdown: 0
2024/01/04-17:35:43.179589 11890fe00           Options.writable_file_max_buffer_size: 1048576
2024/01/04-17:35:43.179589 11890fe00             Options.delayed_write_rate : 16777216
2024/01/04-17:35:43.179591 11890fe00             Options.max_total_wal_size: 0
2024/01/04-17:35:43.179592 11890fe00             Options.delete_obsolete_files_period_micros: 21600000000
2024/01/04-17:35:43.179593 11890fe00                   Options.stats_dump_period_sec: 600
2024/01/04-17:35:43.179593 11890fe00                 Options.stats_persist_period_sec: 600
2024/01/04-17:35:43.179594 11890fe00                 Options.stats_history_buffer_size: 1048576
2024/01/04-17:35:43.179595 11890fe00                          Options.max_open_files: -1
2024/01/04-17:35:43.179596 11890fe00                          Options.bytes_per_sync: 0
2024/01/04-17:35:43.179596 11890fe00                      Options.wal_bytes_per_sync: 0
2024/01/04-17:35:43.179597 11890fe00                   Options.strict_bytes_per_sync: 0
2024/01/04-17:35:43.179598 11890fe00       Options.compaction_readahead_size: 0
2024/01/04-17:35:43.179598 11890fe00                  Options.max_background_flushes: -1
2024/01/04-17:35:43.179599 11890fe00 Compression algorithms supported:
2024/01/04-17:35:43.179602 11890fe00 	kZSTD supported: 1
2024/01/04-17:35:43.179603 11890fe00 	kZlibCompression supported: 1
2024/01/04-17:35:43.179603 11890fe00 	kXpressCompression supported: 0
2024/01/04-17:35:43.179634 11890fe00 	kSnappyCompression supported: 1
2024/01/04-17:35:43.179657 11890fe00 	kZSTDNotFinalCompression supported: 1
2024/01/04-17:35:43.179658 11890fe00 	kLZ4HCCompression supported: 1
2024/01/04-17:35:43.179658 11890fe00 	kLZ4Compression supported: 1
2024/01/04-17:35:43.179659 11890fe00 	kBZip2Compression supported: 1
2024/01/04-17:35:43.179664 11890fe00 Fast CRC32 supported: Supported on x86
2024/01/04-17:35:43.179837 11890fe00 [db/version_set.cc:4560] Recovering from manifest file: /Users/michaelreyes/dev/Angular-ICP/.dfx/state/replicated_state/node-100/ic_consensus_pool/consensus/MANIFEST-000561
2024/01/04-17:35:43.179882 11890fe00 [db/column_family.cc:580] --------------- Options for column family [default]:
2024/01/04-17:35:43.179883 11890fe00               Options.comparator: leveldb.BytewiseComparator
2024/01/04-17:35:43.179884 11890fe00           Options.merge_operator: None
2024/01/04-17:35:43.179885 11890fe00        Options.compaction_filter: None
2024/01/04-17:35:43.179885 11890fe00        Options.compaction_filter_factory: None
2024/01/04-17:35:43.179886 11890fe00  Options.sst_partitioner_factory: None
2024/01/04-17:35:43.179887 11890fe00         Options.memtable_factory: SkipListFactory
2024/01/04-17:35:43.179887 11890fe00            Options.table_factory: BlockBasedTable
2024/01/04-17:35:43.179916 11890fe00            table_factory options:   flush_block_policy_factory: FlushBlockBySizePolicyFactory (0x7fd73e414dd0)
  cache_index_and_filter_blocks: 0
  cache_index_and_filter_blocks_with_high_priority: 1
  pin_l0_filter_and_index_blocks_in_cache: 0
  pin_top_level_index_and_filter: 1
  index_type: 0
  data_block_index_type: 0
  index_shortening: 1
  data_block_hash_table_util_ratio: 0.750000
  hash_index_allow_collision: 1
  checksum: 1
  no_block_cache: 0
  block_cache: 0x7fd73e414e18
  block_cache_name: LRUCache
  block_cache_options:
    capacity : 8388608
    num_shard_bits : 4
    strict_capacity_limit : 0
    memory_allocator : None
    high_pri_pool_ratio: 0.000
  block_cache_compressed: 0x0
  persistent_cache: 0x0
  block_size: 4096
  block_size_deviation: 10
  block_restart_interval: 16
  index_block_restart_interval: 1
  metadata_block_size: 4096
  partition_filters: 0
  use_delta_encoding: 1
  filter_policy: nullptr
  whole_key_filtering: 1
  verify_compression: 0
  read_amp_bytes_per_bit: 0
  format_version: 4
  enable_index_compression: 1
  block_align: 0
2024/01/04-17:35:43.179918 11890fe00        Options.write_buffer_size: 67108864
2024/01/04-17:35:43.179919 11890fe00  Options.max_write_buffer_number: 2
2024/01/04-17:35:43.179920 11890fe00          Options.compression: Snappy
2024/01/04-17:35:43.179921 11890fe00                  Options.bottommost_compression: Disabled
2024/01/04-17:35:43.179921 11890fe00       Options.prefix_extractor: nullptr
2024/01/04-17:35:43.179922 11890fe00   Options.memtable_insert_with_hint_prefix_extractor: nullptr
2024/01/04-17:35:43.179923 11890fe00             Options.num_levels: 7
2024/01/04-17:35:43.179923 11890fe00        Options.min_write_buffer_number_to_merge: 1
2024/01/04-17:35:43.179924 11890fe00     Options.max_write_buffer_number_to_maintain: 0
2024/01/04-17:35:43.179925 11890fe00     Options.max_write_buffer_size_to_maintain: 0
2024/01/04-17:35:43.179925 11890fe00            Options.bottommost_compression_opts.window_bits: -14
2024/01/04-17:35:43.179926 11890fe00                  Options.bottommost_compression_opts.level: 32767
2024/01/04-17:35:43.179927 11890fe00               Options.bottommost_compression_opts.strategy: 0
2024/01/04-17:35:43.179927 11890fe00         Options.bottommost_compression_opts.max_dict_bytes: 0
2024/01/04-17:35:43.179928 11890fe00         Options.bottommost_compression_opts.zstd_max_train_bytes: 0
2024/01/04-17:35:43.179929 11890fe00         Options.bottommost_compression_opts.parallel_threads: 1
2024/01/04-17:35:43.179929 11890fe00                  Options.bottommost_compression_opts.enabled: false
2024/01/04-17:35:43.179930 11890fe00            Options.compression_opts.window_bits: -14
2024/01/04-17:35:43.179946 11890fe00                  Options.compression_opts.level: 32767
2024/01/04-17:35:43.179947 11890fe00               Options.compression_opts.strategy: 0
2024/01/04-17:35:43.179948 11890fe00         Options.compression_opts.max_dict_bytes: 0
2024/01/04-17:35:43.179948 11890fe00         Options.compression_opts.zstd_max_train_bytes: 0
2024/01/04-17:35:43.179949 11890fe00         Options.compression_opts.parallel_threads: 1
2024/01/04-17:35:43.179949 11890fe00                  Options.compression_opts.enabled: false
2024/01/04-17:35:43.179950 11890fe00      Options.level0_file_num_compaction_trigger: 4
2024/01/04-17:35:43.179951 11890fe00          Options.level0_slowdown_writes_trigger: 20
2024/01/04-17:35:43.179951 11890fe00              Options.level0_stop_writes_trigger: 36
2024/01/04-17:35:43.179952 11890fe00                   Options.target_file_size_base: 67108864
2024/01/04-17:35:43.179953 11890fe00             Options.target_file_size_multiplier: 1
2024/01/04-17:35:43.179953 11890fe00                Options.max_bytes_for_level_base: 268435456
2024/01/04-17:35:43.179954 11890fe00 Options.level_compaction_dynamic_level_bytes: 0
2024/01/04-17:35:43.179955 11890fe00          Options.max_bytes_for_level_multiplier: 10.000000
2024/01/04-17:35:43.179956 11890fe00 Options.max_bytes_for_level_multiplier_addtl[0]: 1
2024/01/04-17:35:43.179956 11890fe00 Options.max_bytes_for_level_multiplier_addtl[1]: 1
2024/01/04-17:35:43.179957 11890fe00 Options.max_bytes_for_level_multiplier_addtl[2]: 1
2024/01/04-17:35:43.179958 11890fe00 Options.max_bytes_for_level_multiplier_addtl[3]: 1
2024/01/04-17:35:43.179958 11890fe00 Options.max_bytes_for_level_multiplier_addtl[4]: 1
2024/01/04-17:35:43.179959 11890fe00 Options.max_bytes_for_level_multiplier_addtl[5]: 1
2024/01/04-17:35:43.179960 11890fe00 Options.max_bytes_for_level_multiplier_addtl[6]: 1
2024/01/04-17:35:43.179960 11890fe00       Options.max_sequential_skip_in_iterations: 8
2024/01/04-17:35:43.179961 11890fe00                    Options.max_compaction_bytes: 1677721600
2024/01/04-17:35:43.179962 11890fe00                        Options.arena_block_size: 8388608
2024/01/04-17:35:43.179962 11890fe00   Options.soft_pending_compaction_bytes_limit: 68719476736
2024/01/04-17:35:43.179963 11890fe00   Options.hard_pending_compaction_bytes_limit: 274877906944
2024/01/04-17:35:43.179964 11890fe00       Options.rate_limit_delay_max_milliseconds: 100
2024/01/04-17:35:43.179964 11890fe00                Options.disable_auto_compactions: 0
2024/01/04-17:35:43.179966 11890fe00                        Options.compaction_style: kCompactionStyleLevel
2024/01/04-17:35:43.179967 11890fe00                          Options.compaction_pri: kMinOverlappingRatio
2024/01/04-17:35:43.179967 11890fe00 Options.compaction_options_universal.size_ratio: 1
2024/01/04-17:35:43.179968 11890fe00 Options.compaction_options_universal.min_merge_width: 2
2024/01/04-17:35:43.179968 11890fe00 Options.compaction_options_universal.max_merge_width: 4294967295
2024/01/04-17:35:43.179969 11890fe00 Options.compaction_options_universal.max_size_amplification_percent: 200
2024/01/04-17:35:43.179970 11890fe00 Options.compaction_options_universal.compression_size_percent: -1
2024/01/04-17:35:43.179971 11890fe00 Options.compaction_options_universal.stop_style: kCompactionStopStyleTotalSize
2024/01/04-17:35:43.179971 11890fe00 Options.compaction_options_fifo.max_table_files_size: 1073741824
2024/01/04-17:35:43.179972 11890fe00 Options.compaction_options_fifo.allow_compaction: 0
2024/01/04-17:35:43.179977 11890fe00                   Options.table_properties_collectors: 
2024/01/04-17:35:43.179978 11890fe00                   Options.inplace_update_support: 0
2024/01/04-17:35:43.179979 11890fe00                 Options.inplace_update_num_locks: 10000
2024/01/04-17:35:43.179979 11890fe00               Options.memtable_prefix_bloom_size_ratio: 0.000000
2024/01/04-17:35:43.179980 11890fe00               Options.memtable_whole_key_filtering: 0
2024/01/04-17:35:43.179981 11890fe00   Options.memtable_huge_page_size: 0
2024/01/04-17:35:43.179992 11890fe00                           Options.bloom_locality: 0
2024/01/04-17:35:43.179993 11890fe00                    Options.max_successive_merges: 0
2024/01/04-17:35:43.179993 11890fe00                Options.optimize_filters_for_hits: 0
2024/01/04-17:35:43.179994 11890fe00                Options.paranoid_file_checks: 0
2024/01/04-17:35:43.179995 11890fe00                Options.force_consistency_checks: 0
2024/01/04-17:35:43.179995 11890fe00                Options.report_bg_io_stats: 0
2024/01/04-17:35:43.179996 11890fe00                               Options.ttl: 2592000
2024/01/04-17:35:43.179997 11890fe00          Options.periodic_compaction_seconds: 0
2024/01/04-17:35:43.180077 11890fe00 [db/column_family.cc:580] --------------- Options for column family [RB]:
2024/01/04-17:35:43.180078 11890fe00               Options.comparator: leveldb.BytewiseComparator
2024/01/04-17:35:43.180079 11890fe00           Options.merge_operator: None
2024/01/04-17:35:43.180081 11890fe00        Options.compaction_filter: filter_outdated
2024/01/04-17:35:43.180081 11890fe00        Options.compaction_filter_factory: None
2024/01/04-17:35:43.180082 11890fe00  Options.sst_partitioner_factory: None
2024/01/04-17:35:43.180083 11890fe00         Options.memtable_factory: SkipListFactory
2024/01/04-17:35:43.180083 11890fe00            Options.table_factory: BlockBasedTable
2024/01/04-17:35:43.180097 11890fe00            table_factory options:   flush_block_policy_factory: FlushBlockBySizePolicyFactory (0x7fd73e40c040)
  cache_index_and_filter_blocks: 0
  cache_index_and_filter_blocks_with_high_priority: 1
  pin_l0_filter_and_index_blocks_in_cache: 0
  pin_top_level_index_and_filter: 1
  index_type: 0
  data_block_index_type: 0
  index_shortening: 1
  data_block_hash_table_util_ratio: 0.750000
  hash_index_allow_collision: 1
  checksum: 1
  no_block_cache: 0
  block_cache: 0x7fd73e40c088
  block_cache_name: LRUCache
  block_cache_options:
    capacity : 8388608
    num_shard_bits : 4
    strict_capacity_limit : 0
    memory_allocator : None
    high_pri_pool_ratio: 0.000
  block_cache_compressed: 0x0
  persistent_cache: 0x0
  block_size: 4096
  block_size_deviation: 10
  block_restart_interval: 16
  index_block_restart_interval: 1
  metadata_block_size: 4096
  partition_filters: 0
  use_delta_encoding: 1
  filter_policy: nullptr
  whole_key_filtering: 1
  verify_compression: 0
  read_amp_bytes_per_bit: 0
  format_version: 4
  enable_index_compression: 1
  block_align: 0
2024/01/04-17:35:43.180098 11890fe00        Options.write_buffer_size: 67108864
2024/01/04-17:35:43.180098 11890fe00  Options.max_write_buffer_number: 2
2024/01/04-17:35:43.180099 11890fe00          Options.compression: NoCompression
2024/01/04-17:35:43.180100 11890fe00                  Options.bottommost_compression: Disabled
2024/01/04-17:35:43.180100 11890fe00       Options.prefix_extractor: nullptr
2024/01/04-17:35:43.180101 11890fe00   Options.memtable_insert_with_hint_prefix_extractor: nullptr
2024/01/04-17:35:43.180102 11890fe00             Options.num_levels: 7
2024/01/04-17:35:43.180102 11890fe00        Options.min_write_buffer_number_to_merge: 1
2024/01/04-17:35:43.180103 11890fe00     Options.max_write_buffer_number_to_maintain: 0
2024/01/04-17:35:43.180104 11890fe00     Options.max_write_buffer_size_to_maintain: 0
2024/01/04-17:35:43.180104 11890fe00            Options.bottommost_compression_opts.window_bits: -14
2024/01/04-17:35:43.180105 11890fe00                  Options.bottommost_compression_opts.level: 32767
2024/01/04-17:35:43.180106 11890fe00               Options.bottommost_compression_opts.strategy: 0
2024/01/04-17:35:43.180106 11890fe00         Options.bottommost_compression_opts.max_dict_bytes: 0
2024/01/04-17:35:43.180107 11890fe00         Options.bottommost_compression_opts.zstd_max_train_bytes: 0
2024/01/04-17:35:43.180108 11890fe00         Options.bottommost_compression_opts.parallel_threads: 1
2024/01/04-17:35:43.180108 11890fe00                  Options.bottommost_compression_opts.enabled: false
2024/01/04-17:35:43.180122 11890fe00            Options.compression_opts.window_bits: -14
2024/01/04-17:35:43.180123 11890fe00                  Options.compression_opts.level: 32767
2024/01/04-17:35:43.180123 11890fe00               Options.compression_opts.strategy: 0
2024/01/04-17:35:43.180124 11890fe00         Options.compression_opts.max_dict_bytes: 0
2024/01/04-17:35:43.180125 11890fe00         Options.compression_opts.zstd_max_train_bytes: 0
2024/01/04-17:35:43.180125 11890fe00         Options.compression_opts.parallel_threads: 1
2024/01/04-17:35:43.180126 11890fe00                  Options.compression_opts.enabled: false
2024/01/04-17:35:43.180127 11890fe00      Options.level0_file_num_compaction_trigger: 4
2024/01/04-17:35:43.180127 11890fe00          Options.level0_slowdown_writes_trigger: 20
2024/01/04-17:35:43.180128 11890fe00              Options.level0_stop_writes_trigger: 36
2024/01/04-17:35:43.180129 11890fe00                   Options.target_file_size_base: 67108864
2024/01/04-17:35:43.180129 11890fe00             Options.target_file_size_multiplier: 1
2024/01/04-17:35:43.180130 11890fe00                Options.max_bytes_for_level_base: 268435456
2024/01/04-17:35:43.180131 11890fe00 Options.level_compaction_dynamic_level_bytes: 0
2024/01/04-17:35:43.180131 11890fe00          Options.max_bytes_for_level_multiplier: 10.000000
2024/01/04-17:35:43.180132 11890fe00 Options.max_bytes_for_level_multiplier_addtl[0]: 1
2024/01/04-17:35:43.180133 11890fe00 Options.max_bytes_for_level_multiplier_addtl[1]: 1
2024/01/04-17:35:43.180134 11890fe00 Options.max_bytes_for_level_multiplier_addtl[2]: 1
2024/01/04-17:35:43.180134 11890fe00 Options.max_bytes_for_level_multiplier_addtl[3]: 1
2024/01/04-17:35:43.180135 11890fe00 Options.max_bytes_for_level_multiplier_addtl[4]: 1
2024/01/04-17:35:43.180136 11890fe00 Options.max_bytes_for_level_multiplier_addtl[5]: 1
2024/01/04-17:35:43.180136 11890fe00 Options.max_bytes_for_level_multiplier_addtl[6]: 1
2024/01/04-17:35:43.180137 11890fe00       Options.max_sequential_skip_in_iterations: 8
2024/01/04-17:35:43.180137 11890fe00                    Options.max_compaction_bytes: 1677721600
2024/01/04-17:35:43.180138 11890fe00                        Options.arena_block_size: 8388608
2024/01/04-17:35:43.180139 11890fe00   Options.soft_pending_compaction_bytes_limit: 68719476736
2024/01/04-17:35:43.180139 11890fe00   Options.hard_pending_compaction_bytes_limit: 274877906944
2024/01/04-17:35:43.180140 11890fe00       Options.rate_limit_delay_max_milliseconds: 100
2024/01/04-17:35:43.180141 11890fe00                Options.disable_auto_compactions: 1
2024/01/04-17:35:43.180141 11890fe00                        Options.compaction_style: kCompactionStyleLevel
2024/01/04-17:35:43.180142 11890fe00                          Options.compaction_pri: kMinOverlappingRatio
2024/01/04-17:35:43.180143 11890fe00 Options.compaction_options_universal.size_ratio: 1
2024/01/04-17:35:43.180143 11890fe00 Options.compaction_options_universal.min_merge_width: 2
2024/01/04-17:35:43.180144 11890fe00 Options.compaction_options_universal.max_merge_width: 4294967295
2024/01/04-17:35:43.180145 11890fe00 Options.compaction_options_universal.max_size_amplification_percent: 200
2024/01/04-17:35:43.180146 11890fe00 Options.compaction_options_universal.compression_size_percent: -1
2024/01/04-17:35:43.180146 11890fe00 Options.compaction_options_universal.stop_style: kCompactionStopStyleTotalSize
2024/01/04-17:35:43.180147 11890fe00 Options.compaction_options_fifo.max_table_files_size: 1073741824
2024/01/04-17:35:43.180148 11890fe00 Options.compaction_options_fifo.allow_compaction: 0
2024/01/04-17:35:43.180149 11890fe00                   Options.table_properties_collectors: 
2024/01/04-17:35:43.180149 11890fe00                   Options.inplace_update_support: 0
2024/01/04-17:35:43.180150 11890fe00                 Options.inplace_update_num_locks: 10000
2024/01/04-17:35:43.180151 11890fe00               Options.memtable_prefix_bloom_size_ratio: 0.000000
2024/01/04-17:35:43.180151 11890fe00               Options.memtable_whole_key_filtering: 0
2024/01/04-17:35:43.180161 11890fe00   Options.memtable_huge_page_size: 0
2024/01/04-17:35:43.180162 11890fe00                           Options.bloom_locality: 0
2024/01/04-17:35:43.180163 11890fe00                    Options.max_successive_merges: 0
2024/01/04-17:35:43.180163 11890fe00                Options.optimize_filters_for_hits: 0
2024/01/04-17:35:43.180164 11890fe00                Options.paranoid_file_checks: 0
2024/01/04-17:35:43.180165 11890fe00                Options.force_consistency_checks: 0
2024/01/04-17:35:43.180165 11890fe00                Options.report_bg_io_stats: 0
2024/01/04-17:35:43.180166 11890fe00                               Options.ttl: 2592000
2024/01/04-17:35:43.180167 11890fe00          Options.periodic_compaction_seconds: 2592000
2024/01/04-17:35:43.180213 11890fe00 [db/column_family.cc:580] --------------- Options for column family [FZ]:
2024/01/04-17:35:43.180215 11890fe00               Options.comparator: leveldb.BytewiseComparator
2024/01/04-17:35:43.180215 11890fe00           Options.merge_operator: None
2024/01/04-17:35:43.180216 11890fe00        Options.compaction_filter: filter_outdated
2024/01/04-17:35:43.180217 11890fe00        Options.compaction_filter_factory: None
2024/01/04-17:35:43.180217 11890fe00  Options.sst_partitioner_factory: None
2024/01/04-17:35:43.180218 11890fe00         Options.memtable_factory: SkipListFactory
2024/01/04-17:35:43.180219 11890fe00            Options.table_factory: BlockBasedTable
2024/01/04-17:35:43.180228 11890fe00            table_factory options:   flush_block_policy_factory: FlushBlockBySizePolicyFactory (0x7fd73e40cc00)
  cache_index_and_filter_blocks: 0
  cache_index_and_filter_blocks_with_high_priority: 1
  pin_l0_filter_and_index_blocks_in_cache: 0
  pin_top_level_index_and_filter: 1
  index_type: 0
  data_block_index_type: 0
  index_shortening: 1
  data_block_hash_table_util_ratio: 0.750000
  hash_index_allow_collision: 1
  checksum: 1
  no_block_cache: 0
  block_cache: 0x7fd73e40cc48
  block_cache_name: LRUCache
  block_cache_options:
    capacity : 8388608
    num_shard_bits : 4
    strict_capacity_limit : 0
    memory_allocator : None
    high_pri_pool_ratio: 0.000
  block_cache_compressed: 0x0
  persistent_cache: 0x0
  block_size: 4096
  block_size_deviation: 10
  block_restart_interval: 16
  index_block_restart_interval: 1
  metadata_block_size: 4096
  partition_filters: 0
  use_delta_encoding: 1
  filter_policy: nullptr
  whole_key_filtering: 1
  verify_compression: 0
  read_amp_bytes_per_bit: 0
  format_version: 4
  enable_index_compression: 1
  block_align: 0
2024/01/04-17:35:43.180229 11890fe00        Options.write_buffer_size: 67108864
2024/01/04-17:35:43.180230 11890fe00  Options.max_write_buffer_number: 2
2024/01/04-17:35:43.180231 11890fe00          Options.compression: NoCompression
2024/01/04-17:35:43.180231 11890fe00                  Options.bottommost_compression: Disabled
2024/01/04-17:35:43.180232 11890fe00       Options.prefix_extractor: nullptr
2024/01/04-17:35:43.180233 11890fe00   Options.memtable_insert_with_hint_prefix_extractor: nullptr
2024/01/04-17:35:43.180233 11890fe00             Options.num_levels: 7
2024/01/04-17:35:43.180234 11890fe00        Options.min_write_buffer_number_to_merge: 1
2024/01/04-17:35:43.180235 11890fe00     Options.max_write_buffer_number_to_maintain: 0
2024/01/04-17:35:43.180235 11890fe00     Options.max_write_buffer_size_to_maintain: 0
2024/01/04-17:35:43.180236 11890fe00            Options.bottommost_compression_opts.window_bits: -14
2024/01/04-17:35:43.180237 11890fe00                  Options.bottommost_compression_opts.level: 32767
2024/01/04-17:35:43.180237 11890fe00               Options.bottommost_compression_opts.strategy: 0
2024/01/04-17:35:43.180238 11890fe00         Options.bottommost_compression_opts.max_dict_bytes: 0
2024/01/04-17:35:43.180239 11890fe00         Options.bottommost_compression_opts.zstd_max_train_bytes: 0
2024/01/04-17:35:43.180239 11890fe00         Options.bottommost_compression_opts.parallel_threads: 1
2024/01/04-17:35:43.180240 11890fe00                  Options.bottommost_compression_opts.enabled: false
2024/01/04-17:35:43.180252 11890fe00            Options.compression_opts.window_bits: -14
2024/01/04-17:35:43.180253 11890fe00                  Options.compression_opts.level: 32767
2024/01/04-17:35:43.180254 11890fe00               Options.compression_opts.strategy: 0
2024/01/04-17:35:43.180255 11890fe00         Options.compression_opts.max_dict_bytes: 0
2024/01/04-17:35:43.180255 11890fe00         Options.compression_opts.zstd_max_train_bytes: 0
2024/01/04-17:35:43.180256 11890fe00         Options.compression_opts.parallel_threads: 1
2024/01/04-17:35:43.180257 11890fe00                  Options.compression_opts.enabled: false
2024/01/04-17:35:43.180257 11890fe00      Options.level0_file_num_compaction_trigger: 4
2024/01/04-17:35:43.180258 11890fe00          Options.level0_slowdown_writes_trigger: 20
2024/01/04-17:35:43.180258 11890fe00              Options.level0_stop_writes_trigger: 36
2024/01/04-17:35:43.180259 11890fe00                   Options.target_file_size_base: 67108864
2024/01/04-17:35:43.180260 11890fe00             Options.target_file_size_multiplier: 1
2024/01/04-17:35:43.180260 11890fe00                Options.max_bytes_for_level_base: 268435456
2024/01/04-17:35:43.180261 11890fe00 Options.level_compaction_dynamic_level_bytes: 0
2024/01/04-17:35:43.180262 11890fe00          Options.max_bytes_for_level_multiplier: 10.000000
2024/01/04-17:35:43.180263 11890fe00 Options.max_bytes_for_level_multiplier_addtl[0]: 1
2024/01/04-17:35:43.180263 11890fe00 Options.max_bytes_for_level_multiplier_addtl[1]: 1
2024/01/04-17:35:43.180264 11890fe00 Options.max_bytes_for_level_multiplier_addtl[2]: 1
2024/01/04-17:35:43.180265 11890fe00 Options.max_bytes_for_level_multiplier_addtl[3]: 1
2024/01/04-17:35:43.180265 11890fe00 Options.max_bytes_for_level_multiplier_addtl[4]: 1
2024/01/04-17:35:43.180266 11890fe00 Options.max_bytes_for_level_multiplier_addtl[5]: 1
2024/01/04-17:35:43.180267 11890fe00 Options.max_bytes_for_level_multiplier_addtl[6]: 1
2024/01/04-17:35:43.180267 11890fe00       Options.max_sequential_skip_in_iterations: 8
2024/01/04-17:35:43.180268 11890fe00                    Options.max_compaction_bytes: 1677721600
2024/01/04-17:35:43.180268 11890fe00                        Options.arena_block_size: 8388608
2024/01/04-17:35:43.180269 11890fe00   Options.soft_pending_compaction_bytes_limit: 68719476736
2024/01/04-17:35:43.180270 11890fe00   Options.hard_pending_compaction_bytes_limit: 274877906944
2024/01/04-17:35:43.180270 11890fe00       Options.rate_limit_delay_max_milliseconds: 100
2024/01/04-17:35:43.180271 11890fe00                Options.disable_auto_compactions: 1
2024/01/04-17:35:43.180272 11890fe00                        Options.compaction_style: kCompactionStyleLevel
2024/01/04-17:35:43.180272 11890fe00                          Options.compaction_pri: kMinOverlappingRatio
2024/01/04-17:35:43.180273 11890fe00 Options.compaction_options_universal.size_ratio: 1
2024/01/04-17:35:43.180274 11890fe00 Options.compaction_options_universal.min_merge_width: 2
2024/01/04-17:35:43.180274 11890fe00 Options.compaction_options_universal.max_merge_width: 4294967295
2024/01/04-17:35:43.180275 11890fe00 Options.compaction_options_universal.max_size_amplification_percent: 200
2024/01/04-17:35:43.180276 11890fe00 Options.compaction_options_universal.compression_size_percent: -1
2024/01/04-17:35:43.180277 11890fe00 Options.compaction_options_universal.stop_style: kCompactionStopStyleTotalSize
2024/01/04-17:35:43.180277 11890fe00 Options.compaction_options_fifo.max_table_files_size: 1073741824
2024/01/04-17:35:43.180278 11890fe00 Options.compaction_options_fifo.allow_compaction: 0
2024/01/04-17:35:43.180279 11890fe00                   Options.table_properties_collectors: 
2024/01/04-17:35:43.180279 11890fe00                   Options.inplace_update_support: 0
2024/01/04-17:35:43.180280 11890fe00                 Options.inplace_update_num_locks: 10000
2024/01/04-17:35:43.180281 11890fe00               Options.memtable_prefix_bloom_size_ratio: 0.000000
2024/01/04-17:35:43.180290 11890fe00               Options.memtable_whole_key_filtering: 0
2024/01/04-17:35:43.180291 11890fe00   Options.memtable_huge_page_size: 0
2024/01/04-17:35:43.180292 11890fe00                           Options.bloom_locality: 0
2024/01/04-17:35:43.180293 11890fe00                    Options.max_successive_merges: 0
2024/01/04-17:35:43.180293 11890fe00                Options.optimize_filters_for_hits: 0
2024/01/04-17:35:43.180294 11890fe00                Options.paranoid_file_checks: 0
2024/01/04-17:35:43.180294 11890fe00                Options.force_consistency_checks: 0
2024/01/04-17:35:43.180295 11890fe00                Options.report_bg_io_stats: 0
2024/01/04-17:35:43.180296 11890fe00                               Options.ttl: 2592000
2024/01/04-17:35:43.180296 11890fe00          Options.periodic_compaction_seconds: 2592000
2024/01/04-17:35:43.180355 11890fe00 [db/column_family.cc:580] --------------- Options for column family [NZ]:
2024/01/04-17:35:43.180356 11890fe00               Options.comparator: leveldb.BytewiseComparator
2024/01/04-17:35:43.180357 11890fe00           Options.merge_operator: None
2024/01/04-17:35:43.180358 11890fe00        Options.compaction_filter: filter_outdated
2024/01/04-17:35:43.180358 11890fe00        Options.compaction_filter_factory: None
2024/01/04-17:35:43.180359 11890fe00  Options.sst_partitioner_factory: None
2024/01/04-17:35:43.180360 11890fe00         Options.memtable_factory: SkipListFactory
2024/01/04-17:35:43.180360 11890fe00            Options.table_factory: BlockBasedTable
2024/01/04-17:35:43.180371 11890fe00            table_factory options:   flush_block_policy_factory: FlushBlockBySizePolicyFactory (0x7fd73e40d7c0)
  cache_index_and_filter_blocks: 0
  cache_index_and_filter_blocks_with_high_priority: 1
  pin_l0_filter_and_index_blocks_in_cache: 0
  pin_top_level_index_and_filter: 1
  index_type: 0
  data_block_index_type: 0
  index_shortening: 1
  data_block_hash_table_util_ratio: 0.750000
  hash_index_allow_collision: 1
  checksum: 1
  no_block_cache: 0
  block_cache: 0x7fd73e40d808
  block_cache_name: LRUCache
  block_cache_options:
    capacity : 8388608
    num_shard_bits : 4
    strict_capacity_limit : 0
    memory_allocator : None
    high_pri_pool_ratio: 0.000
  block_cache_compressed: 0x0
  persistent_cache: 0x0
  block_size: 4096
  block_size_deviation: 10
  block_restart_interval: 16
  index_block_restart_interval: 1
  metadata_block_size: 4096
  partition_filters: 0
  use_delta_encoding: 1
  filter_policy: nullptr
  whole_key_filtering: 1
  verify_compression: 0
  read_amp_bytes_per_bit: 0
  format_version: 4
  enable_index_compression: 1
  block_align: 0
2024/01/04-17:35:43.180388 11890fe00        Options.write_buffer_size: 67108864
2024/01/04-17:35:43.180389 11890fe00  Options.max_write_buffer_number: 2
2024/01/04-17:35:43.180390 11890fe00          Options.compression: NoCompression
2024/01/04-17:35:43.180390 11890fe00                  Options.bottommost_compression: Disabled
2024/01/04-17:35:43.180391 11890fe00       Options.prefix_extractor: nullptr
2024/01/04-17:35:43.180392 11890fe00   Options.memtable_insert_with_hint_prefix_extractor: nullptr
2024/01/04-17:35:43.180392 11890fe00             Options.num_levels: 7
2024/01/04-17:35:43.180393 11890fe00        Options.min_write_buffer_number_to_merge: 1
2024/01/04-17:35:43.180394 11890fe00     Options.max_write_buffer_number_to_maintain: 0
2024/01/04-17:35:43.180394 11890fe00     Options.max_write_buffer_size_to_maintain: 0
2024/01/04-17:35:43.180395 11890fe00            Options.bottommost_compression_opts.window_bits: -14
2024/01/04-17:35:43.180396 11890fe00                  Options.bottommost_compression_opts.level: 32767
2024/01/04-17:35:43.180396 11890fe00               Options.bottommost_compression_opts.strategy: 0
2024/01/04-17:35:43.180397 11890fe00         Options.bottommost_compression_opts.max_dict_bytes: 0
2024/01/04-17:35:43.180398 11890fe00         Options.bottommost_compression_opts.zstd_max_train_bytes: 0
2024/01/04-17:35:43.180398 11890fe00         Options.bottommost_compression_opts.parallel_threads: 1
2024/01/04-17:35:43.180411 11890fe00                  Options.bottommost_compression_opts.enabled: false
2024/01/04-17:35:43.180412 11890fe00            Options.compression_opts.window_bits: -14
2024/01/04-17:35:43.180412 11890fe00                  Options.compression_opts.level: 32767
2024/01/04-17:35:43.180413 11890fe00               Options.compression_opts.strategy: 0
2024/01/04-17:35:43.180414 11890fe00         Options.compression_opts.max_dict_bytes: 0
2024/01/04-17:35:43.180414 11890fe00         Options.compression_opts.zstd_max_train_bytes: 0
2024/01/04-17:35:43.180415 11890fe00         Options.compression_opts.parallel_threads: 1
2024/01/04-17:35:43.180416 11890fe00                  Options.compression_opts.enabled: false
2024/01/04-17:35:43.180416 11890fe00      Options.level0_file_num_compaction_trigger: 4
2024/01/04-17:35:43.180417 11890fe00          Options.level0_slowdown_writes_trigger: 20
2024/01/04-17:35:43.180418 11890fe00              Options.level0_stop_writes_trigger: 36
2024/01/04-17:35:43.180418 11890fe00                   Options.target_file_size_base: 67108864
2024/01/04-17:35:43.180419 11890fe00             Options.target_file_size_multiplier: 1
2024/01/04-17:35:43.180420 11890fe00                Options.max_bytes_for_level_base: 268435456
2024/01/04-17:35:43.180420 11890fe00 Options.level_compaction_dynamic_level_bytes: 0
2024/01/04-17:35:43.180421 11890fe00          Options.max_bytes_for_level_multiplier: 10.000000
2024/01/04-17:35:43.180422 11890fe00 Options.max_bytes_for_level_multiplier_addtl[0]: 1
2024/01/04-17:35:43.180422 11890fe00 Options.max_bytes_for_level_multiplier_addtl[1]: 1
2024/01/04-17:35:43.180423 11890fe00 Options.max_bytes_for_level_multiplier_addtl[2]: 1
2024/01/04-17:35:43.180424 11890fe00 Options.max_bytes_for_level_multiplier_addtl[3]: 1
2024/01/04-17:35:43.180424 11890fe00 Options.max_bytes_for_level_multiplier_addtl[4]: 1
2024/01/04-17:35:43.180425 11890fe00 Options.max_bytes_for_level_multiplier_addtl[5]: 1
2024/01/04-17:35:43.180426 11890fe00 Options.max_bytes_for_level_multiplier_addtl[6]: 1
2024/01/04-17:35:43.180426 11890fe00       Options.max_sequential_skip_in_iterations: 8
2024/01/04-17:35:43.180427 11890fe00                    Options.max_compaction_bytes: 1677721600
2024/01/04-17:35:43.180428 11890fe00                        Options.arena_block_size: 8388608
2024/01/04-17:35:43.180428 11890fe00   Options.soft_pending_compaction_bytes_limit: 68719476736
2024/01/04-17:35:43.180429 11890fe00   Options.hard_pending_compaction_bytes_limit: 274877906944
2024/01/04-17:35:43.180430 11890fe00       Options.rate_limit_delay_max_milliseconds: 100
2024/01/04-17:35:43.180430 11890fe00                Options.disable_auto_compactions: 1
2024/01/04-17:35:43.180431 11890fe00                        Options.compaction_style: kCompactionStyleLevel
2024/01/04-17:35:43.180432 11890fe00                          Options.compaction_pri: kMinOverlappingRatio
