2024/01/04-23:28:45.669989 1219f0e00 RocksDB version: 6.12.7
2024/01/04-23:28:45.670465 1219f0e00 Git sha rocksdb_build_git_sha:@0@
2024/01/04-23:28:45.670470 1219f0e00 Compile date Jul 27 2021
2024/01/04-23:28:45.670495 1219f0e00 DB SUMMARY
2024/01/04-23:28:45.670497 1219f0e00 DB Session ID:  LHLJF1IJ3UPPGLMOW7MT
2024/01/04-23:28:45.670641 1219f0e00 CURRENT file:  CURRENT
2024/01/04-23:28:45.670643 1219f0e00 IDENTITY file:  IDENTITY
2024/01/04-23:28:45.670654 1219f0e00 MANIFEST file:  MANIFEST-001182 size: 10102 Bytes
2024/01/04-23:28:45.670656 1219f0e00 SST files in /Users/michaelreyes/dev/Angular-ICP/.dfx/state/replicated_state/node-100/ic_consensus_pool/consensus dir, Total Num: 10, files: 001188.sst 001190.sst 001192.sst 001194.sst 001196.sst 001198.sst 001200.sst 001202.sst 001204.sst 
2024/01/04-23:28:45.670657 1219f0e00 Write Ahead Log file in /Users/michaelreyes/dev/Angular-ICP/.dfx/state/replicated_state/node-100/ic_consensus_pool/consensus: 001183.log size: 684173 ; 001186.log size: 1786783 ; 
2024/01/04-23:28:45.670662 1219f0e00                         Options.error_if_exists: 0
2024/01/04-23:28:45.670665 1219f0e00                       Options.create_if_missing: 1
2024/01/04-23:28:45.670666 1219f0e00                         Options.paranoid_checks: 1
2024/01/04-23:28:45.670667 1219f0e00                                     Options.env: 0x10f9e37e8
2024/01/04-23:28:45.670668 1219f0e00                                      Options.fs: Posix File System
2024/01/04-23:28:45.670668 1219f0e00                                Options.info_log: 0x7fbf60f2d780
2024/01/04-23:28:45.670669 1219f0e00                Options.max_file_opening_threads: 16
2024/01/04-23:28:45.670670 1219f0e00                              Options.statistics: 0x0
2024/01/04-23:28:45.670670 1219f0e00                               Options.use_fsync: 1
2024/01/04-23:28:45.670671 1219f0e00                       Options.max_log_file_size: 0
2024/01/04-23:28:45.670672 1219f0e00                  Options.max_manifest_file_size: 1073741824
2024/01/04-23:28:45.670672 1219f0e00                   Options.log_file_time_to_roll: 0
2024/01/04-23:28:45.670673 1219f0e00                       Options.keep_log_file_num: 1000
2024/01/04-23:28:45.670674 1219f0e00                    Options.recycle_log_file_num: 0
2024/01/04-23:28:45.670675 1219f0e00                         Options.allow_fallocate: 1
2024/01/04-23:28:45.670675 1219f0e00                        Options.allow_mmap_reads: 0
2024/01/04-23:28:45.670676 1219f0e00                       Options.allow_mmap_writes: 0
2024/01/04-23:28:45.670677 1219f0e00                        Options.use_direct_reads: 0
2024/01/04-23:28:45.670677 1219f0e00                        Options.use_direct_io_for_flush_and_compaction: 0
2024/01/04-23:28:45.670678 1219f0e00          Options.create_missing_column_families: 1
2024/01/04-23:28:45.670679 1219f0e00                              Options.db_log_dir: 
2024/01/04-23:28:45.670679 1219f0e00                                 Options.wal_dir: /Users/michaelreyes/dev/Angular-ICP/.dfx/state/replicated_state/node-100/ic_consensus_pool/consensus
2024/01/04-23:28:45.670680 1219f0e00                Options.table_cache_numshardbits: 6
2024/01/04-23:28:45.670681 1219f0e00                         Options.WAL_ttl_seconds: 0
2024/01/04-23:28:45.670681 1219f0e00                       Options.WAL_size_limit_MB: 0
2024/01/04-23:28:45.670682 1219f0e00                        Options.max_write_batch_group_size_bytes: 1048576
2024/01/04-23:28:45.670683 1219f0e00             Options.manifest_preallocation_size: 4194304
2024/01/04-23:28:45.670684 1219f0e00                     Options.is_fd_close_on_exec: 1
2024/01/04-23:28:45.670684 1219f0e00                   Options.advise_random_on_open: 1
2024/01/04-23:28:45.670685 1219f0e00                    Options.db_write_buffer_size: 0
2024/01/04-23:28:45.670686 1219f0e00                    Options.write_buffer_manager: 0x7fbf60f2d640
2024/01/04-23:28:45.670686 1219f0e00         Options.access_hint_on_compaction_start: 1
2024/01/04-23:28:45.670687 1219f0e00  Options.new_table_reader_for_compaction_inputs: 0
2024/01/04-23:28:45.670688 1219f0e00           Options.random_access_max_buffer_size: 1048576
2024/01/04-23:28:45.670711 1219f0e00                      Options.use_adaptive_mutex: 0
2024/01/04-23:28:45.670712 1219f0e00                            Options.rate_limiter: 0x0
2024/01/04-23:28:45.670715 1219f0e00     Options.sst_file_manager.rate_bytes_per_sec: 0
2024/01/04-23:28:45.670716 1219f0e00                       Options.wal_recovery_mode: 2
2024/01/04-23:28:45.670716 1219f0e00                  Options.enable_thread_tracking: 0
2024/01/04-23:28:45.670717 1219f0e00                  Options.enable_pipelined_write: 0
2024/01/04-23:28:45.670718 1219f0e00                  Options.unordered_write: 0
2024/01/04-23:28:45.670718 1219f0e00         Options.allow_concurrent_memtable_write: 1
2024/01/04-23:28:45.670719 1219f0e00      Options.enable_write_thread_adaptive_yield: 1
2024/01/04-23:28:45.670720 1219f0e00             Options.write_thread_max_yield_usec: 100
2024/01/04-23:28:45.670720 1219f0e00            Options.write_thread_slow_yield_usec: 3
2024/01/04-23:28:45.670721 1219f0e00                               Options.row_cache: None
2024/01/04-23:28:45.670722 1219f0e00                              Options.wal_filter: None
2024/01/04-23:28:45.670723 1219f0e00             Options.avoid_flush_during_recovery: 0
2024/01/04-23:28:45.670724 1219f0e00             Options.allow_ingest_behind: 0
2024/01/04-23:28:45.670725 1219f0e00             Options.preserve_deletes: 0
2024/01/04-23:28:45.670725 1219f0e00             Options.two_write_queues: 0
2024/01/04-23:28:45.670726 1219f0e00             Options.manual_wal_flush: 0
2024/01/04-23:28:45.670727 1219f0e00             Options.atomic_flush: 0
2024/01/04-23:28:45.670727 1219f0e00             Options.avoid_unnecessary_blocking_io: 0
2024/01/04-23:28:45.670728 1219f0e00                 Options.persist_stats_to_disk: 0
2024/01/04-23:28:45.670729 1219f0e00                 Options.write_dbid_to_manifest: 0
2024/01/04-23:28:45.670729 1219f0e00                 Options.log_readahead_size: 0
2024/01/04-23:28:45.670730 1219f0e00                 Options.file_checksum_gen_factory: Unknown
2024/01/04-23:28:45.670732 1219f0e00                 Options.best_efforts_recovery: 0
2024/01/04-23:28:45.670733 1219f0e00                Options.max_bgerror_resume_count: 2147483647
2024/01/04-23:28:45.670734 1219f0e00            Options.bgerror_resume_retry_interval: 1000000
2024/01/04-23:28:45.670734 1219f0e00             Options.max_background_jobs: 2
2024/01/04-23:28:45.670735 1219f0e00             Options.max_background_compactions: -1
2024/01/04-23:28:45.670736 1219f0e00             Options.max_subcompactions: 1
2024/01/04-23:28:45.670736 1219f0e00             Options.avoid_flush_during_shutdown: 0
2024/01/04-23:28:45.670737 1219f0e00           Options.writable_file_max_buffer_size: 1048576
2024/01/04-23:28:45.670738 1219f0e00             Options.delayed_write_rate : 16777216
2024/01/04-23:28:45.670740 1219f0e00             Options.max_total_wal_size: 0
2024/01/04-23:28:45.670740 1219f0e00             Options.delete_obsolete_files_period_micros: 21600000000
2024/01/04-23:28:45.670741 1219f0e00                   Options.stats_dump_period_sec: 600
2024/01/04-23:28:45.670742 1219f0e00                 Options.stats_persist_period_sec: 600
2024/01/04-23:28:45.670743 1219f0e00                 Options.stats_history_buffer_size: 1048576
2024/01/04-23:28:45.670743 1219f0e00                          Options.max_open_files: -1
2024/01/04-23:28:45.670744 1219f0e00                          Options.bytes_per_sync: 0
2024/01/04-23:28:45.670745 1219f0e00                      Options.wal_bytes_per_sync: 0
2024/01/04-23:28:45.670745 1219f0e00                   Options.strict_bytes_per_sync: 0
2024/01/04-23:28:45.670746 1219f0e00       Options.compaction_readahead_size: 0
2024/01/04-23:28:45.670747 1219f0e00                  Options.max_background_flushes: -1
2024/01/04-23:28:45.670747 1219f0e00 Compression algorithms supported:
2024/01/04-23:28:45.670750 1219f0e00 	kZSTD supported: 1
2024/01/04-23:28:45.670751 1219f0e00 	kZlibCompression supported: 1
2024/01/04-23:28:45.670765 1219f0e00 	kXpressCompression supported: 0
2024/01/04-23:28:45.670767 1219f0e00 	kSnappyCompression supported: 1
2024/01/04-23:28:45.670767 1219f0e00 	kZSTDNotFinalCompression supported: 1
2024/01/04-23:28:45.670768 1219f0e00 	kLZ4HCCompression supported: 1
2024/01/04-23:28:45.670769 1219f0e00 	kLZ4Compression supported: 1
2024/01/04-23:28:45.670769 1219f0e00 	kBZip2Compression supported: 1
2024/01/04-23:28:45.670774 1219f0e00 Fast CRC32 supported: Supported on x86
2024/01/04-23:28:45.671262 1219f0e00 [db/version_set.cc:4560] Recovering from manifest file: /Users/michaelreyes/dev/Angular-ICP/.dfx/state/replicated_state/node-100/ic_consensus_pool/consensus/MANIFEST-001182
2024/01/04-23:28:45.671320 1219f0e00 [db/column_family.cc:580] --------------- Options for column family [default]:
2024/01/04-23:28:45.671322 1219f0e00               Options.comparator: leveldb.BytewiseComparator
2024/01/04-23:28:45.671323 1219f0e00           Options.merge_operator: None
2024/01/04-23:28:45.671324 1219f0e00        Options.compaction_filter: None
2024/01/04-23:28:45.671325 1219f0e00        Options.compaction_filter_factory: None
2024/01/04-23:28:45.671325 1219f0e00  Options.sst_partitioner_factory: None
2024/01/04-23:28:45.671326 1219f0e00         Options.memtable_factory: SkipListFactory
2024/01/04-23:28:45.671327 1219f0e00            Options.table_factory: BlockBasedTable
2024/01/04-23:28:45.671368 1219f0e00            table_factory options:   flush_block_policy_factory: FlushBlockBySizePolicyFactory (0x7fbf60f2c6d0)
  cache_index_and_filter_blocks: 0
  cache_index_and_filter_blocks_with_high_priority: 1
  pin_l0_filter_and_index_blocks_in_cache: 0
  pin_top_level_index_and_filter: 1
  index_type: 0
  data_block_index_type: 0
  index_shortening: 1
  data_block_hash_table_util_ratio: 0.750000
  hash_index_allow_collision: 1
  checksum: 1
  no_block_cache: 0
  block_cache: 0x7fbf60f2c718
  block_cache_name: LRUCache
  block_cache_options:
    capacity : 8388608
    num_shard_bits : 4
    strict_capacity_limit : 0
    memory_allocator : None
    high_pri_pool_ratio: 0.000
  block_cache_compressed: 0x0
  persistent_cache: 0x0
  block_size: 4096
  block_size_deviation: 10
  block_restart_interval: 16
  index_block_restart_interval: 1
  metadata_block_size: 4096
  partition_filters: 0
  use_delta_encoding: 1
  filter_policy: nullptr
  whole_key_filtering: 1
  verify_compression: 0
  read_amp_bytes_per_bit: 0
  format_version: 4
  enable_index_compression: 1
  block_align: 0
2024/01/04-23:28:45.671371 1219f0e00        Options.write_buffer_size: 67108864
2024/01/04-23:28:45.671372 1219f0e00  Options.max_write_buffer_number: 2
2024/01/04-23:28:45.671372 1219f0e00          Options.compression: Snappy
2024/01/04-23:28:45.671373 1219f0e00                  Options.bottommost_compression: Disabled
2024/01/04-23:28:45.671374 1219f0e00       Options.prefix_extractor: nullptr
2024/01/04-23:28:45.671375 1219f0e00   Options.memtable_insert_with_hint_prefix_extractor: nullptr
2024/01/04-23:28:45.671375 1219f0e00             Options.num_levels: 7
2024/01/04-23:28:45.671376 1219f0e00        Options.min_write_buffer_number_to_merge: 1
2024/01/04-23:28:45.671377 1219f0e00     Options.max_write_buffer_number_to_maintain: 0
2024/01/04-23:28:45.671377 1219f0e00     Options.max_write_buffer_size_to_maintain: 0
2024/01/04-23:28:45.671378 1219f0e00            Options.bottommost_compression_opts.window_bits: -14
2024/01/04-23:28:45.671379 1219f0e00                  Options.bottommost_compression_opts.level: 32767
2024/01/04-23:28:45.671379 1219f0e00               Options.bottommost_compression_opts.strategy: 0
2024/01/04-23:28:45.671380 1219f0e00         Options.bottommost_compression_opts.max_dict_bytes: 0
2024/01/04-23:28:45.671381 1219f0e00         Options.bottommost_compression_opts.zstd_max_train_bytes: 0
2024/01/04-23:28:45.671381 1219f0e00         Options.bottommost_compression_opts.parallel_threads: 1
2024/01/04-23:28:45.671382 1219f0e00                  Options.bottommost_compression_opts.enabled: false
2024/01/04-23:28:45.671383 1219f0e00            Options.compression_opts.window_bits: -14
2024/01/04-23:28:45.671402 1219f0e00                  Options.compression_opts.level: 32767
2024/01/04-23:28:45.671403 1219f0e00               Options.compression_opts.strategy: 0
2024/01/04-23:28:45.671404 1219f0e00         Options.compression_opts.max_dict_bytes: 0
2024/01/04-23:28:45.671405 1219f0e00         Options.compression_opts.zstd_max_train_bytes: 0
2024/01/04-23:28:45.671405 1219f0e00         Options.compression_opts.parallel_threads: 1
2024/01/04-23:28:45.671406 1219f0e00                  Options.compression_opts.enabled: false
2024/01/04-23:28:45.671407 1219f0e00      Options.level0_file_num_compaction_trigger: 4
2024/01/04-23:28:45.671407 1219f0e00          Options.level0_slowdown_writes_trigger: 20
2024/01/04-23:28:45.671408 1219f0e00              Options.level0_stop_writes_trigger: 36
2024/01/04-23:28:45.671409 1219f0e00                   Options.target_file_size_base: 67108864
2024/01/04-23:28:45.671409 1219f0e00             Options.target_file_size_multiplier: 1
2024/01/04-23:28:45.671410 1219f0e00                Options.max_bytes_for_level_base: 268435456
2024/01/04-23:28:45.671411 1219f0e00 Options.level_compaction_dynamic_level_bytes: 0
2024/01/04-23:28:45.671411 1219f0e00          Options.max_bytes_for_level_multiplier: 10.000000
2024/01/04-23:28:45.671413 1219f0e00 Options.max_bytes_for_level_multiplier_addtl[0]: 1
2024/01/04-23:28:45.671413 1219f0e00 Options.max_bytes_for_level_multiplier_addtl[1]: 1
2024/01/04-23:28:45.671414 1219f0e00 Options.max_bytes_for_level_multiplier_addtl[2]: 1
2024/01/04-23:28:45.671415 1219f0e00 Options.max_bytes_for_level_multiplier_addtl[3]: 1
2024/01/04-23:28:45.671415 1219f0e00 Options.max_bytes_for_level_multiplier_addtl[4]: 1
2024/01/04-23:28:45.671416 1219f0e00 Options.max_bytes_for_level_multiplier_addtl[5]: 1
2024/01/04-23:28:45.671417 1219f0e00 Options.max_bytes_for_level_multiplier_addtl[6]: 1
2024/01/04-23:28:45.671417 1219f0e00       Options.max_sequential_skip_in_iterations: 8
2024/01/04-23:28:45.671418 1219f0e00                    Options.max_compaction_bytes: 1677721600
2024/01/04-23:28:45.671419 1219f0e00                        Options.arena_block_size: 8388608
2024/01/04-23:28:45.671419 1219f0e00   Options.soft_pending_compaction_bytes_limit: 68719476736
2024/01/04-23:28:45.671420 1219f0e00   Options.hard_pending_compaction_bytes_limit: 274877906944
2024/01/04-23:28:45.671421 1219f0e00       Options.rate_limit_delay_max_milliseconds: 100
2024/01/04-23:28:45.671421 1219f0e00                Options.disable_auto_compactions: 0
2024/01/04-23:28:45.671423 1219f0e00                        Options.compaction_style: kCompactionStyleLevel
2024/01/04-23:28:45.671423 1219f0e00                          Options.compaction_pri: kMinOverlappingRatio
2024/01/04-23:28:45.671424 1219f0e00 Options.compaction_options_universal.size_ratio: 1
2024/01/04-23:28:45.671425 1219f0e00 Options.compaction_options_universal.min_merge_width: 2
2024/01/04-23:28:45.671425 1219f0e00 Options.compaction_options_universal.max_merge_width: 4294967295
2024/01/04-23:28:45.671426 1219f0e00 Options.compaction_options_universal.max_size_amplification_percent: 200
2024/01/04-23:28:45.671427 1219f0e00 Options.compaction_options_universal.compression_size_percent: -1
2024/01/04-23:28:45.671428 1219f0e00 Options.compaction_options_universal.stop_style: kCompactionStopStyleTotalSize
2024/01/04-23:28:45.671429 1219f0e00 Options.compaction_options_fifo.max_table_files_size: 1073741824
2024/01/04-23:28:45.671429 1219f0e00 Options.compaction_options_fifo.allow_compaction: 0
2024/01/04-23:28:45.671436 1219f0e00                   Options.table_properties_collectors: 
2024/01/04-23:28:45.671437 1219f0e00                   Options.inplace_update_support: 0
2024/01/04-23:28:45.671438 1219f0e00                 Options.inplace_update_num_locks: 10000
2024/01/04-23:28:45.671439 1219f0e00               Options.memtable_prefix_bloom_size_ratio: 0.000000
2024/01/04-23:28:45.671440 1219f0e00               Options.memtable_whole_key_filtering: 0
2024/01/04-23:28:45.671452 1219f0e00   Options.memtable_huge_page_size: 0
2024/01/04-23:28:45.671453 1219f0e00                           Options.bloom_locality: 0
2024/01/04-23:28:45.671454 1219f0e00                    Options.max_successive_merges: 0
2024/01/04-23:28:45.671455 1219f0e00                Options.optimize_filters_for_hits: 0
2024/01/04-23:28:45.671456 1219f0e00                Options.paranoid_file_checks: 0
2024/01/04-23:28:45.671456 1219f0e00                Options.force_consistency_checks: 0
2024/01/04-23:28:45.671457 1219f0e00                Options.report_bg_io_stats: 0
2024/01/04-23:28:45.671458 1219f0e00                               Options.ttl: 2592000
2024/01/04-23:28:45.671458 1219f0e00          Options.periodic_compaction_seconds: 0
2024/01/04-23:28:45.671883 1219f0e00 [db/column_family.cc:580] --------------- Options for column family [RB]:
2024/01/04-23:28:45.671887 1219f0e00               Options.comparator: leveldb.BytewiseComparator
2024/01/04-23:28:45.671888 1219f0e00           Options.merge_operator: None
2024/01/04-23:28:45.671893 1219f0e00        Options.compaction_filter: filter_outdated
2024/01/04-23:28:45.671894 1219f0e00        Options.compaction_filter_factory: None
2024/01/04-23:28:45.671894 1219f0e00  Options.sst_partitioner_factory: None
2024/01/04-23:28:45.671895 1219f0e00         Options.memtable_factory: SkipListFactory
2024/01/04-23:28:45.671896 1219f0e00            Options.table_factory: BlockBasedTable
2024/01/04-23:28:45.671909 1219f0e00            table_factory options:   flush_block_policy_factory: FlushBlockBySizePolicyFactory (0x7fbf60f23940)
  cache_index_and_filter_blocks: 0
  cache_index_and_filter_blocks_with_high_priority: 1
  pin_l0_filter_and_index_blocks_in_cache: 0
  pin_top_level_index_and_filter: 1
  index_type: 0
  data_block_index_type: 0
  index_shortening: 1
  data_block_hash_table_util_ratio: 0.750000
  hash_index_allow_collision: 1
  checksum: 1
  no_block_cache: 0
  block_cache: 0x7fbf60f23988
  block_cache_name: LRUCache
  block_cache_options:
    capacity : 8388608
    num_shard_bits : 4
    strict_capacity_limit : 0
    memory_allocator : None
    high_pri_pool_ratio: 0.000
  block_cache_compressed: 0x0
  persistent_cache: 0x0
  block_size: 4096
  block_size_deviation: 10
  block_restart_interval: 16
  index_block_restart_interval: 1
  metadata_block_size: 4096
  partition_filters: 0
  use_delta_encoding: 1
  filter_policy: nullptr
  whole_key_filtering: 1
  verify_compression: 0
  read_amp_bytes_per_bit: 0
  format_version: 4
  enable_index_compression: 1
  block_align: 0
2024/01/04-23:28:45.671911 1219f0e00        Options.write_buffer_size: 67108864
2024/01/04-23:28:45.671911 1219f0e00  Options.max_write_buffer_number: 2
2024/01/04-23:28:45.671912 1219f0e00          Options.compression: NoCompression
2024/01/04-23:28:45.671913 1219f0e00                  Options.bottommost_compression: Disabled
2024/01/04-23:28:45.671914 1219f0e00       Options.prefix_extractor: nullptr
2024/01/04-23:28:45.671914 1219f0e00   Options.memtable_insert_with_hint_prefix_extractor: nullptr
2024/01/04-23:28:45.671915 1219f0e00             Options.num_levels: 7
2024/01/04-23:28:45.671916 1219f0e00        Options.min_write_buffer_number_to_merge: 1
2024/01/04-23:28:45.671916 1219f0e00     Options.max_write_buffer_number_to_maintain: 0
2024/01/04-23:28:45.671917 1219f0e00     Options.max_write_buffer_size_to_maintain: 0
2024/01/04-23:28:45.671918 1219f0e00            Options.bottommost_compression_opts.window_bits: -14
2024/01/04-23:28:45.671919 1219f0e00                  Options.bottommost_compression_opts.level: 32767
2024/01/04-23:28:45.671919 1219f0e00               Options.bottommost_compression_opts.strategy: 0
2024/01/04-23:28:45.671920 1219f0e00         Options.bottommost_compression_opts.max_dict_bytes: 0
2024/01/04-23:28:45.671921 1219f0e00         Options.bottommost_compression_opts.zstd_max_train_bytes: 0
2024/01/04-23:28:45.671922 1219f0e00         Options.bottommost_compression_opts.parallel_threads: 1
2024/01/04-23:28:45.671922 1219f0e00                  Options.bottommost_compression_opts.enabled: false
2024/01/04-23:28:45.671946 1219f0e00            Options.compression_opts.window_bits: -14
2024/01/04-23:28:45.671947 1219f0e00                  Options.compression_opts.level: 32767
2024/01/04-23:28:45.671948 1219f0e00               Options.compression_opts.strategy: 0
2024/01/04-23:28:45.671949 1219f0e00         Options.compression_opts.max_dict_bytes: 0
2024/01/04-23:28:45.671950 1219f0e00         Options.compression_opts.zstd_max_train_bytes: 0
2024/01/04-23:28:45.671950 1219f0e00         Options.compression_opts.parallel_threads: 1
2024/01/04-23:28:45.671951 1219f0e00                  Options.compression_opts.enabled: false
2024/01/04-23:28:45.671952 1219f0e00      Options.level0_file_num_compaction_trigger: 4
2024/01/04-23:28:45.671952 1219f0e00          Options.level0_slowdown_writes_trigger: 20
2024/01/04-23:28:45.671953 1219f0e00              Options.level0_stop_writes_trigger: 36
2024/01/04-23:28:45.671954 1219f0e00                   Options.target_file_size_base: 67108864
2024/01/04-23:28:45.671954 1219f0e00             Options.target_file_size_multiplier: 1
2024/01/04-23:28:45.671955 1219f0e00                Options.max_bytes_for_level_base: 268435456
2024/01/04-23:28:45.671956 1219f0e00 Options.level_compaction_dynamic_level_bytes: 0
2024/01/04-23:28:45.671956 1219f0e00          Options.max_bytes_for_level_multiplier: 10.000000
2024/01/04-23:28:45.671958 1219f0e00 Options.max_bytes_for_level_multiplier_addtl[0]: 1
2024/01/04-23:28:45.671958 1219f0e00 Options.max_bytes_for_level_multiplier_addtl[1]: 1
2024/01/04-23:28:45.671959 1219f0e00 Options.max_bytes_for_level_multiplier_addtl[2]: 1
2024/01/04-23:28:45.671960 1219f0e00 Options.max_bytes_for_level_multiplier_addtl[3]: 1
2024/01/04-23:28:45.671960 1219f0e00 Options.max_bytes_for_level_multiplier_addtl[4]: 1
2024/01/04-23:28:45.671961 1219f0e00 Options.max_bytes_for_level_multiplier_addtl[5]: 1
2024/01/04-23:28:45.671962 1219f0e00 Options.max_bytes_for_level_multiplier_addtl[6]: 1
2024/01/04-23:28:45.671962 1219f0e00       Options.max_sequential_skip_in_iterations: 8
2024/01/04-23:28:45.671963 1219f0e00                    Options.max_compaction_bytes: 1677721600
2024/01/04-23:28:45.671964 1219f0e00                        Options.arena_block_size: 8388608
2024/01/04-23:28:45.671965 1219f0e00   Options.soft_pending_compaction_bytes_limit: 68719476736
2024/01/04-23:28:45.671965 1219f0e00   Options.hard_pending_compaction_bytes_limit: 274877906944
2024/01/04-23:28:45.671966 1219f0e00       Options.rate_limit_delay_max_milliseconds: 100
2024/01/04-23:28:45.671967 1219f0e00                Options.disable_auto_compactions: 1
2024/01/04-23:28:45.671968 1219f0e00                        Options.compaction_style: kCompactionStyleLevel
2024/01/04-23:28:45.671969 1219f0e00                          Options.compaction_pri: kMinOverlappingRatio
2024/01/04-23:28:45.671970 1219f0e00 Options.compaction_options_universal.size_ratio: 1
2024/01/04-23:28:45.671971 1219f0e00 Options.compaction_options_universal.min_merge_width: 2
2024/01/04-23:28:45.671971 1219f0e00 Options.compaction_options_universal.max_merge_width: 4294967295
2024/01/04-23:28:45.671972 1219f0e00 Options.compaction_options_universal.max_size_amplification_percent: 200
2024/01/04-23:28:45.671973 1219f0e00 Options.compaction_options_universal.compression_size_percent: -1
2024/01/04-23:28:45.671974 1219f0e00 Options.compaction_options_universal.stop_style: kCompactionStopStyleTotalSize
2024/01/04-23:28:45.671975 1219f0e00 Options.compaction_options_fifo.max_table_files_size: 1073741824
2024/01/04-23:28:45.671975 1219f0e00 Options.compaction_options_fifo.allow_compaction: 0
2024/01/04-23:28:45.671976 1219f0e00                   Options.table_properties_collectors: 
2024/01/04-23:28:45.671977 1219f0e00                   Options.inplace_update_support: 0
2024/01/04-23:28:45.671978 1219f0e00                 Options.inplace_update_num_locks: 10000
2024/01/04-23:28:45.671979 1219f0e00               Options.memtable_prefix_bloom_size_ratio: 0.000000
2024/01/04-23:28:45.671980 1219f0e00               Options.memtable_whole_key_filtering: 0
2024/01/04-23:28:45.671993 1219f0e00   Options.memtable_huge_page_size: 0
2024/01/04-23:28:45.671994 1219f0e00                           Options.bloom_locality: 0
2024/01/04-23:28:45.671995 1219f0e00                    Options.max_successive_merges: 0
2024/01/04-23:28:45.671995 1219f0e00                Options.optimize_filters_for_hits: 0
2024/01/04-23:28:45.671996 1219f0e00                Options.paranoid_file_checks: 0
2024/01/04-23:28:45.671997 1219f0e00                Options.force_consistency_checks: 0
2024/01/04-23:28:45.671997 1219f0e00                Options.report_bg_io_stats: 0
2024/01/04-23:28:45.671998 1219f0e00                               Options.ttl: 2592000
2024/01/04-23:28:45.671999 1219f0e00          Options.periodic_compaction_seconds: 2592000
2024/01/04-23:28:45.672044 1219f0e00 [db/column_family.cc:580] --------------- Options for column family [FZ]:
2024/01/04-23:28:45.672045 1219f0e00               Options.comparator: leveldb.BytewiseComparator
2024/01/04-23:28:45.672046 1219f0e00           Options.merge_operator: None
2024/01/04-23:28:45.672047 1219f0e00        Options.compaction_filter: filter_outdated
2024/01/04-23:28:45.672047 1219f0e00        Options.compaction_filter_factory: None
2024/01/04-23:28:45.672048 1219f0e00  Options.sst_partitioner_factory: None
2024/01/04-23:28:45.672049 1219f0e00         Options.memtable_factory: SkipListFactory
2024/01/04-23:28:45.672049 1219f0e00            Options.table_factory: BlockBasedTable
2024/01/04-23:28:45.672059 1219f0e00            table_factory options:   flush_block_policy_factory: FlushBlockBySizePolicyFactory (0x7fbf60f24500)
  cache_index_and_filter_blocks: 0
  cache_index_and_filter_blocks_with_high_priority: 1
  pin_l0_filter_and_index_blocks_in_cache: 0
  pin_top_level_index_and_filter: 1
  index_type: 0
  data_block_index_type: 0
  index_shortening: 1
  data_block_hash_table_util_ratio: 0.750000
  hash_index_allow_collision: 1
  checksum: 1
  no_block_cache: 0
  block_cache: 0x7fbf60f24548
  block_cache_name: LRUCache
  block_cache_options:
    capacity : 8388608
    num_shard_bits : 4
    strict_capacity_limit : 0
    memory_allocator : None
    high_pri_pool_ratio: 0.000
  block_cache_compressed: 0x0
  persistent_cache: 0x0
  block_size: 4096
  block_size_deviation: 10
  block_restart_interval: 16
  index_block_restart_interval: 1
  metadata_block_size: 4096
  partition_filters: 0
  use_delta_encoding: 1
  filter_policy: nullptr
  whole_key_filtering: 1
  verify_compression: 0
  read_amp_bytes_per_bit: 0
  format_version: 4
  enable_index_compression: 1
  block_align: 0
2024/01/04-23:28:45.672060 1219f0e00        Options.write_buffer_size: 67108864
2024/01/04-23:28:45.672061 1219f0e00  Options.max_write_buffer_number: 2
2024/01/04-23:28:45.672061 1219f0e00          Options.compression: NoCompression
2024/01/04-23:28:45.672062 1219f0e00                  Options.bottommost_compression: Disabled
2024/01/04-23:28:45.672063 1219f0e00       Options.prefix_extractor: nullptr
2024/01/04-23:28:45.672064 1219f0e00   Options.memtable_insert_with_hint_prefix_extractor: nullptr
2024/01/04-23:28:45.672064 1219f0e00             Options.num_levels: 7
2024/01/04-23:28:45.672065 1219f0e00        Options.min_write_buffer_number_to_merge: 1
2024/01/04-23:28:45.672066 1219f0e00     Options.max_write_buffer_number_to_maintain: 0
2024/01/04-23:28:45.672066 1219f0e00     Options.max_write_buffer_size_to_maintain: 0
2024/01/04-23:28:45.672067 1219f0e00            Options.bottommost_compression_opts.window_bits: -14
2024/01/04-23:28:45.672068 1219f0e00                  Options.bottommost_compression_opts.level: 32767
2024/01/04-23:28:45.672068 1219f0e00               Options.bottommost_compression_opts.strategy: 0
2024/01/04-23:28:45.672069 1219f0e00         Options.bottommost_compression_opts.max_dict_bytes: 0
2024/01/04-23:28:45.672070 1219f0e00         Options.bottommost_compression_opts.zstd_max_train_bytes: 0
2024/01/04-23:28:45.672070 1219f0e00         Options.bottommost_compression_opts.parallel_threads: 1
2024/01/04-23:28:45.672087 1219f0e00                  Options.bottommost_compression_opts.enabled: false
2024/01/04-23:28:45.672088 1219f0e00            Options.compression_opts.window_bits: -14
2024/01/04-23:28:45.672089 1219f0e00                  Options.compression_opts.level: 32767
2024/01/04-23:28:45.672090 1219f0e00               Options.compression_opts.strategy: 0
2024/01/04-23:28:45.672090 1219f0e00         Options.compression_opts.max_dict_bytes: 0
2024/01/04-23:28:45.672091 1219f0e00         Options.compression_opts.zstd_max_train_bytes: 0
2024/01/04-23:28:45.672092 1219f0e00         Options.compression_opts.parallel_threads: 1
2024/01/04-23:28:45.672092 1219f0e00                  Options.compression_opts.enabled: false
2024/01/04-23:28:45.672093 1219f0e00      Options.level0_file_num_compaction_trigger: 4
2024/01/04-23:28:45.672094 1219f0e00          Options.level0_slowdown_writes_trigger: 20
2024/01/04-23:28:45.672094 1219f0e00              Options.level0_stop_writes_trigger: 36
2024/01/04-23:28:45.672095 1219f0e00                   Options.target_file_size_base: 67108864
2024/01/04-23:28:45.672096 1219f0e00             Options.target_file_size_multiplier: 1
2024/01/04-23:28:45.672096 1219f0e00                Options.max_bytes_for_level_base: 268435456
2024/01/04-23:28:45.672097 1219f0e00 Options.level_compaction_dynamic_level_bytes: 0
2024/01/04-23:28:45.672098 1219f0e00          Options.max_bytes_for_level_multiplier: 10.000000
2024/01/04-23:28:45.672099 1219f0e00 Options.max_bytes_for_level_multiplier_addtl[0]: 1
2024/01/04-23:28:45.672099 1219f0e00 Options.max_bytes_for_level_multiplier_addtl[1]: 1
2024/01/04-23:28:45.672100 1219f0e00 Options.max_bytes_for_level_multiplier_addtl[2]: 1
2024/01/04-23:28:45.672101 1219f0e00 Options.max_bytes_for_level_multiplier_addtl[3]: 1
2024/01/04-23:28:45.672101 1219f0e00 Options.max_bytes_for_level_multiplier_addtl[4]: 1
2024/01/04-23:28:45.672102 1219f0e00 Options.max_bytes_for_level_multiplier_addtl[5]: 1
2024/01/04-23:28:45.672103 1219f0e00 Options.max_bytes_for_level_multiplier_addtl[6]: 1
2024/01/04-23:28:45.672103 1219f0e00       Options.max_sequential_skip_in_iterations: 8
2024/01/04-23:28:45.672104 1219f0e00                    Options.max_compaction_bytes: 1677721600
2024/01/04-23:28:45.672105 1219f0e00                        Options.arena_block_size: 8388608
2024/01/04-23:28:45.672105 1219f0e00   Options.soft_pending_compaction_bytes_limit: 68719476736
2024/01/04-23:28:45.672106 1219f0e00   Options.hard_pending_compaction_bytes_limit: 274877906944
2024/01/04-23:28:45.672107 1219f0e00       Options.rate_limit_delay_max_milliseconds: 100
2024/01/04-23:28:45.672108 1219f0e00                Options.disable_auto_compactions: 1
2024/01/04-23:28:45.672108 1219f0e00                        Options.compaction_style: kCompactionStyleLevel
2024/01/04-23:28:45.672109 1219f0e00                          Options.compaction_pri: kMinOverlappingRatio
2024/01/04-23:28:45.672110 1219f0e00 Options.compaction_options_universal.size_ratio: 1
2024/01/04-23:28:45.672110 1219f0e00 Options.compaction_options_universal.min_merge_width: 2
2024/01/04-23:28:45.672111 1219f0e00 Options.compaction_options_universal.max_merge_width: 4294967295
2024/01/04-23:28:45.672112 1219f0e00 Options.compaction_options_universal.max_size_amplification_percent: 200
2024/01/04-23:28:45.672113 1219f0e00 Options.compaction_options_universal.compression_size_percent: -1
2024/01/04-23:28:45.672114 1219f0e00 Options.compaction_options_universal.stop_style: kCompactionStopStyleTotalSize
2024/01/04-23:28:45.672115 1219f0e00 Options.compaction_options_fifo.max_table_files_size: 1073741824
2024/01/04-23:28:45.672115 1219f0e00 Options.compaction_options_fifo.allow_compaction: 0
2024/01/04-23:28:45.672116 1219f0e00                   Options.table_properties_collectors: 
2024/01/04-23:28:45.672117 1219f0e00                   Options.inplace_update_support: 0
2024/01/04-23:28:45.672118 1219f0e00                 Options.inplace_update_num_locks: 10000
2024/01/04-23:28:45.672118 1219f0e00               Options.memtable_prefix_bloom_size_ratio: 0.000000
2024/01/04-23:28:45.672133 1219f0e00               Options.memtable_whole_key_filtering: 0
2024/01/04-23:28:45.672134 1219f0e00   Options.memtable_huge_page_size: 0
2024/01/04-23:28:45.672135 1219f0e00                           Options.bloom_locality: 0
2024/01/04-23:28:45.672136 1219f0e00                    Options.max_successive_merges: 0
2024/01/04-23:28:45.672136 1219f0e00                Options.optimize_filters_for_hits: 0
2024/01/04-23:28:45.672137 1219f0e00                Options.paranoid_file_checks: 0
2024/01/04-23:28:45.672138 1219f0e00                Options.force_consistency_checks: 0
2024/01/04-23:28:45.672138 1219f0e00                Options.report_bg_io_stats: 0
2024/01/04-23:28:45.672139 1219f0e00                               Options.ttl: 2592000
2024/01/04-23:28:45.672140 1219f0e00          Options.periodic_compaction_seconds: 2592000
2024/01/04-23:28:45.672174 1219f0e00 [db/column_family.cc:580] --------------- Options for column family [NZ]:
2024/01/04-23:28:45.672175 1219f0e00               Options.comparator: leveldb.BytewiseComparator
2024/01/04-23:28:45.672176 1219f0e00           Options.merge_operator: None
2024/01/04-23:28:45.672177 1219f0e00        Options.compaction_filter: filter_outdated
2024/01/04-23:28:45.672178 1219f0e00        Options.compaction_filter_factory: None
2024/01/04-23:28:45.672178 1219f0e00  Options.sst_partitioner_factory: None
2024/01/04-23:28:45.672179 1219f0e00         Options.memtable_factory: SkipListFactory
2024/01/04-23:28:45.672180 1219f0e00            Options.table_factory: BlockBasedTable
2024/01/04-23:28:45.672190 1219f0e00            table_factory options:   flush_block_policy_factory: FlushBlockBySizePolicyFactory (0x7fbf60f250c0)
  cache_index_and_filter_blocks: 0
  cache_index_and_filter_blocks_with_high_priority: 1
  pin_l0_filter_and_index_blocks_in_cache: 0
  pin_top_level_index_and_filter: 1
  index_type: 0
  data_block_index_type: 0
  index_shortening: 1
  data_block_hash_table_util_ratio: 0.750000
  hash_index_allow_collision: 1
  checksum: 1
  no_block_cache: 0
  block_cache: 0x7fbf60f25108
  block_cache_name: LRUCache
  block_cache_options:
    capacity : 8388608
    num_shard_bits : 4
    strict_capacity_limit : 0
    memory_allocator : None
    high_pri_pool_ratio: 0.000
  block_cache_compressed: 0x0
  persistent_cache: 0x0
  block_size: 4096
  block_size_deviation: 10
  block_restart_interval: 16
  index_block_restart_interval: 1
  metadata_block_size: 4096
  partition_filters: 0
  use_delta_encoding: 1
  filter_policy: nullptr
  whole_key_filtering: 1
  verify_compression: 0
  read_amp_bytes_per_bit: 0
  format_version: 4
  enable_index_compression: 1
  block_align: 0
2024/01/04-23:28:45.672191 1219f0e00        Options.write_buffer_size: 67108864
2024/01/04-23:28:45.672192 1219f0e00  Options.max_write_buffer_number: 2
2024/01/04-23:28:45.672192 1219f0e00          Options.compression: NoCompression
2024/01/04-23:28:45.672193 1219f0e00                  Options.bottommost_compression: Disabled
2024/01/04-23:28:45.672194 1219f0e00       Options.prefix_extractor: nullptr
2024/01/04-23:28:45.672194 1219f0e00   Options.memtable_insert_with_hint_prefix_extractor: nullptr
2024/01/04-23:28:45.672195 1219f0e00             Options.num_levels: 7
2024/01/04-23:28:45.672196 1219f0e00        Options.min_write_buffer_number_to_merge: 1
2024/01/04-23:28:45.672197 1219f0e00     Options.max_write_buffer_number_to_maintain: 0
2024/01/04-23:28:45.672197 1219f0e00     Options.max_write_buffer_size_to_maintain: 0
2024/01/04-23:28:45.672198 1219f0e00            Options.bottommost_compression_opts.window_bits: -14
2024/01/04-23:28:45.672199 1219f0e00                  Options.bottommost_compression_opts.level: 32767
2024/01/04-23:28:45.672199 1219f0e00               Options.bottommost_compression_opts.strategy: 0
2024/01/04-23:28:45.672200 1219f0e00         Options.bottommost_compression_opts.max_dict_bytes: 0
2024/01/04-23:28:45.672201 1219f0e00         Options.bottommost_compression_opts.zstd_max_train_bytes: 0
2024/01/04-23:28:45.672201 1219f0e00         Options.bottommost_compression_opts.parallel_threads: 1
2024/01/04-23:28:45.672216 1219f0e00                  Options.bottommost_compression_opts.enabled: false
2024/01/04-23:28:45.672217 1219f0e00            Options.compression_opts.window_bits: -14
2024/01/04-23:28:45.672218 1219f0e00                  Options.compression_opts.level: 32767
2024/01/04-23:28:45.672219 1219f0e00               Options.compression_opts.strategy: 0
2024/01/04-23:28:45.672220 1219f0e00         Options.compression_opts.max_dict_bytes: 0
2024/01/04-23:28:45.672220 1219f0e00         Options.compression_opts.zstd_max_train_bytes: 0
2024/01/04-23:28:45.672221 1219f0e00         Options.compression_opts.parallel_threads: 1
2024/01/04-23:28:45.672221 1219f0e00                  Options.compression_opts.enabled: false
2024/01/04-23:28:45.672222 1219f0e00      Options.level0_file_num_compaction_trigger: 4
2024/01/04-23:28:45.672223 1219f0e00          Options.level0_slowdown_writes_trigger: 20
2024/01/04-23:28:45.672223 1219f0e00              Options.level0_stop_writes_trigger: 36
2024/01/04-23:28:45.672224 1219f0e00                   Options.target_file_size_base: 67108864
2024/01/04-23:28:45.672225 1219f0e00             Options.target_file_size_multiplier: 1
2024/01/04-23:28:45.672225 1219f0e00                Options.max_bytes_for_level_base: 268435456
2024/01/04-23:28:45.672226 1219f0e00 Options.level_compaction_dynamic_level_bytes: 0
2024/01/04-23:28:45.672227 1219f0e00          Options.max_bytes_for_level_multiplier: 10.000000
2024/01/04-23:28:45.672228 1219f0e00 Options.max_bytes_for_level_multiplier_addtl[0]: 1
2024/01/04-23:28:45.672228 1219f0e00 Options.max_bytes_for_level_multiplier_addtl[1]: 1
2024/01/04-23:28:45.672229 1219f0e00 Options.max_bytes_for_level_multiplier_addtl[2]: 1
2024/01/04-23:28:45.672230 1219f0e00 Options.max_bytes_for_level_multiplier_addtl[3]: 1
2024/01/04-23:28:45.672230 1219f0e00 Options.max_bytes_for_level_multiplier_addtl[4]: 1
2024/01/04-23:28:45.672231 1219f0e00 Options.max_bytes_for_level_multiplier_addtl[5]: 1
2024/01/04-23:28:45.672232 1219f0e00 Options.max_bytes_for_level_multiplier_addtl[6]: 1
2024/01/04-23:28:45.672232 1219f0e00       Options.max_sequential_skip_in_iterations: 8
2024/01/04-23:28:45.672233 1219f0e00                    Options.max_compaction_bytes: 1677721600
2024/01/04-23:28:45.672234 1219f0e00                        Options.arena_block_size: 8388608
2024/01/04-23:28:45.672235 1219f0e00   Options.soft_pending_compaction_bytes_limit: 68719476736
2024/01/04-23:28:45.672235 1219f0e00   Options.hard_pending_compaction_bytes_limit: 274877906944
2024/01/04-23:28:45.672236 1219f0e00       Options.rate_limit_delay_max_milliseconds: 100
2024/01/04-23:28:45.672237 1219f0e00                Options.disable_auto_compactions: 1
2024/01/04-23:28:45.672237 1219f0e00                        Options.compaction_style: kCompactionStyleLevel
2024/01/04-23:28:45.672238 1219f0e00                          Options.compaction_pri: kMinOverlappingRatio
