2024/01/04-23:30:40.726443 118b4fe00 RocksDB version: 6.12.7
2024/01/04-23:30:40.726899 118b4fe00 Git sha rocksdb_build_git_sha:@0@
2024/01/04-23:30:40.726903 118b4fe00 Compile date Jul 27 2021
2024/01/04-23:30:40.726928 118b4fe00 DB SUMMARY
2024/01/04-23:30:40.726930 118b4fe00 DB Session ID:  NDXABP9FTK7CMIP35L3N
2024/01/04-23:30:40.727061 118b4fe00 CURRENT file:  CURRENT
2024/01/04-23:30:40.727063 118b4fe00 IDENTITY file:  IDENTITY
2024/01/04-23:30:40.727071 118b4fe00 MANIFEST file:  MANIFEST-001247 size: 3933 Bytes
2024/01/04-23:30:40.727073 118b4fe00 SST files in /Users/michaelreyes/dev/Angular-ICP/.dfx/state/replicated_state/node-100/ic_consensus_pool/consensus dir, Total Num: 22, files: 001224.sst 001225.sst 001226.sst 001227.sst 001228.sst 001229.sst 001230.sst 001231.sst 001232.sst 
2024/01/04-23:30:40.727074 118b4fe00 Write Ahead Log file in /Users/michaelreyes/dev/Angular-ICP/.dfx/state/replicated_state/node-100/ic_consensus_pool/consensus: 001248.log size: 64855 ; 
2024/01/04-23:30:40.727079 118b4fe00                         Options.error_if_exists: 0
2024/01/04-23:30:40.727082 118b4fe00                       Options.create_if_missing: 1
2024/01/04-23:30:40.727083 118b4fe00                         Options.paranoid_checks: 1
2024/01/04-23:30:40.727084 118b4fe00                                     Options.env: 0x1115387e8
2024/01/04-23:30:40.727085 118b4fe00                                      Options.fs: Posix File System
2024/01/04-23:30:40.727085 118b4fe00                                Options.info_log: 0x7fd17a314dc0
2024/01/04-23:30:40.727086 118b4fe00                Options.max_file_opening_threads: 16
2024/01/04-23:30:40.727087 118b4fe00                              Options.statistics: 0x0
2024/01/04-23:30:40.727087 118b4fe00                               Options.use_fsync: 1
2024/01/04-23:30:40.727088 118b4fe00                       Options.max_log_file_size: 0
2024/01/04-23:30:40.727089 118b4fe00                  Options.max_manifest_file_size: 1073741824
2024/01/04-23:30:40.727090 118b4fe00                   Options.log_file_time_to_roll: 0
2024/01/04-23:30:40.727090 118b4fe00                       Options.keep_log_file_num: 1000
2024/01/04-23:30:40.727091 118b4fe00                    Options.recycle_log_file_num: 0
2024/01/04-23:30:40.727092 118b4fe00                         Options.allow_fallocate: 1
2024/01/04-23:30:40.727092 118b4fe00                        Options.allow_mmap_reads: 0
2024/01/04-23:30:40.727093 118b4fe00                       Options.allow_mmap_writes: 0
2024/01/04-23:30:40.727094 118b4fe00                        Options.use_direct_reads: 0
2024/01/04-23:30:40.727094 118b4fe00                        Options.use_direct_io_for_flush_and_compaction: 0
2024/01/04-23:30:40.727095 118b4fe00          Options.create_missing_column_families: 1
2024/01/04-23:30:40.727096 118b4fe00                              Options.db_log_dir: 
2024/01/04-23:30:40.727096 118b4fe00                                 Options.wal_dir: /Users/michaelreyes/dev/Angular-ICP/.dfx/state/replicated_state/node-100/ic_consensus_pool/consensus
2024/01/04-23:30:40.727097 118b4fe00                Options.table_cache_numshardbits: 6
2024/01/04-23:30:40.727098 118b4fe00                         Options.WAL_ttl_seconds: 0
2024/01/04-23:30:40.727098 118b4fe00                       Options.WAL_size_limit_MB: 0
2024/01/04-23:30:40.727099 118b4fe00                        Options.max_write_batch_group_size_bytes: 1048576
2024/01/04-23:30:40.727100 118b4fe00             Options.manifest_preallocation_size: 4194304
2024/01/04-23:30:40.727100 118b4fe00                     Options.is_fd_close_on_exec: 1
2024/01/04-23:30:40.727101 118b4fe00                   Options.advise_random_on_open: 1
2024/01/04-23:30:40.727102 118b4fe00                    Options.db_write_buffer_size: 0
2024/01/04-23:30:40.727102 118b4fe00                    Options.write_buffer_manager: 0x7fd17a314c80
2024/01/04-23:30:40.727103 118b4fe00         Options.access_hint_on_compaction_start: 1
2024/01/04-23:30:40.727104 118b4fe00  Options.new_table_reader_for_compaction_inputs: 0
2024/01/04-23:30:40.727104 118b4fe00           Options.random_access_max_buffer_size: 1048576
2024/01/04-23:30:40.727134 118b4fe00                      Options.use_adaptive_mutex: 0
2024/01/04-23:30:40.727135 118b4fe00                            Options.rate_limiter: 0x0
2024/01/04-23:30:40.727138 118b4fe00     Options.sst_file_manager.rate_bytes_per_sec: 0
2024/01/04-23:30:40.727139 118b4fe00                       Options.wal_recovery_mode: 2
2024/01/04-23:30:40.727139 118b4fe00                  Options.enable_thread_tracking: 0
2024/01/04-23:30:40.727140 118b4fe00                  Options.enable_pipelined_write: 0
2024/01/04-23:30:40.727140 118b4fe00                  Options.unordered_write: 0
2024/01/04-23:30:40.727141 118b4fe00         Options.allow_concurrent_memtable_write: 1
2024/01/04-23:30:40.727142 118b4fe00      Options.enable_write_thread_adaptive_yield: 1
2024/01/04-23:30:40.727142 118b4fe00             Options.write_thread_max_yield_usec: 100
2024/01/04-23:30:40.727143 118b4fe00            Options.write_thread_slow_yield_usec: 3
2024/01/04-23:30:40.727144 118b4fe00                               Options.row_cache: None
2024/01/04-23:30:40.727144 118b4fe00                              Options.wal_filter: None
2024/01/04-23:30:40.727147 118b4fe00             Options.avoid_flush_during_recovery: 0
2024/01/04-23:30:40.727147 118b4fe00             Options.allow_ingest_behind: 0
2024/01/04-23:30:40.727148 118b4fe00             Options.preserve_deletes: 0
2024/01/04-23:30:40.727149 118b4fe00             Options.two_write_queues: 0
2024/01/04-23:30:40.727149 118b4fe00             Options.manual_wal_flush: 0
2024/01/04-23:30:40.727150 118b4fe00             Options.atomic_flush: 0
2024/01/04-23:30:40.727150 118b4fe00             Options.avoid_unnecessary_blocking_io: 0
2024/01/04-23:30:40.727151 118b4fe00                 Options.persist_stats_to_disk: 0
2024/01/04-23:30:40.727152 118b4fe00                 Options.write_dbid_to_manifest: 0
2024/01/04-23:30:40.727153 118b4fe00                 Options.log_readahead_size: 0
2024/01/04-23:30:40.727153 118b4fe00                 Options.file_checksum_gen_factory: Unknown
2024/01/04-23:30:40.727155 118b4fe00                 Options.best_efforts_recovery: 0
2024/01/04-23:30:40.727156 118b4fe00                Options.max_bgerror_resume_count: 2147483647
2024/01/04-23:30:40.727157 118b4fe00            Options.bgerror_resume_retry_interval: 1000000
2024/01/04-23:30:40.727158 118b4fe00             Options.max_background_jobs: 2
2024/01/04-23:30:40.727158 118b4fe00             Options.max_background_compactions: -1
2024/01/04-23:30:40.727159 118b4fe00             Options.max_subcompactions: 1
2024/01/04-23:30:40.727160 118b4fe00             Options.avoid_flush_during_shutdown: 0
2024/01/04-23:30:40.727160 118b4fe00           Options.writable_file_max_buffer_size: 1048576
2024/01/04-23:30:40.727161 118b4fe00             Options.delayed_write_rate : 16777216
2024/01/04-23:30:40.727164 118b4fe00             Options.max_total_wal_size: 0
2024/01/04-23:30:40.727165 118b4fe00             Options.delete_obsolete_files_period_micros: 21600000000
2024/01/04-23:30:40.727165 118b4fe00                   Options.stats_dump_period_sec: 600
2024/01/04-23:30:40.727166 118b4fe00                 Options.stats_persist_period_sec: 600
2024/01/04-23:30:40.727167 118b4fe00                 Options.stats_history_buffer_size: 1048576
2024/01/04-23:30:40.727167 118b4fe00                          Options.max_open_files: -1
2024/01/04-23:30:40.727168 118b4fe00                          Options.bytes_per_sync: 0
2024/01/04-23:30:40.727169 118b4fe00                      Options.wal_bytes_per_sync: 0
2024/01/04-23:30:40.727169 118b4fe00                   Options.strict_bytes_per_sync: 0
2024/01/04-23:30:40.727170 118b4fe00       Options.compaction_readahead_size: 0
2024/01/04-23:30:40.727171 118b4fe00                  Options.max_background_flushes: -1
2024/01/04-23:30:40.727171 118b4fe00 Compression algorithms supported:
2024/01/04-23:30:40.727174 118b4fe00 	kZSTD supported: 1
2024/01/04-23:30:40.727175 118b4fe00 	kZlibCompression supported: 1
2024/01/04-23:30:40.727176 118b4fe00 	kXpressCompression supported: 0
2024/01/04-23:30:40.727191 118b4fe00 	kSnappyCompression supported: 1
2024/01/04-23:30:40.727192 118b4fe00 	kZSTDNotFinalCompression supported: 1
2024/01/04-23:30:40.727193 118b4fe00 	kLZ4HCCompression supported: 1
2024/01/04-23:30:40.727194 118b4fe00 	kLZ4Compression supported: 1
2024/01/04-23:30:40.727195 118b4fe00 	kBZip2Compression supported: 1
2024/01/04-23:30:40.727199 118b4fe00 Fast CRC32 supported: Supported on x86
2024/01/04-23:30:40.727464 118b4fe00 [db/version_set.cc:4560] Recovering from manifest file: /Users/michaelreyes/dev/Angular-ICP/.dfx/state/replicated_state/node-100/ic_consensus_pool/consensus/MANIFEST-001247
2024/01/04-23:30:40.727535 118b4fe00 [db/column_family.cc:580] --------------- Options for column family [default]:
2024/01/04-23:30:40.727538 118b4fe00               Options.comparator: leveldb.BytewiseComparator
2024/01/04-23:30:40.727540 118b4fe00           Options.merge_operator: None
2024/01/04-23:30:40.727541 118b4fe00        Options.compaction_filter: None
2024/01/04-23:30:40.727541 118b4fe00        Options.compaction_filter_factory: None
2024/01/04-23:30:40.727542 118b4fe00  Options.sst_partitioner_factory: None
2024/01/04-23:30:40.727543 118b4fe00         Options.memtable_factory: SkipListFactory
2024/01/04-23:30:40.727544 118b4fe00            Options.table_factory: BlockBasedTable
2024/01/04-23:30:40.727590 118b4fe00            table_factory options:   flush_block_policy_factory: FlushBlockBySizePolicyFactory (0x7fd17a313d10)
  cache_index_and_filter_blocks: 0
  cache_index_and_filter_blocks_with_high_priority: 1
  pin_l0_filter_and_index_blocks_in_cache: 0
  pin_top_level_index_and_filter: 1
  index_type: 0
  data_block_index_type: 0
  index_shortening: 1
  data_block_hash_table_util_ratio: 0.750000
  hash_index_allow_collision: 1
  checksum: 1
  no_block_cache: 0
  block_cache: 0x7fd17a313d58
  block_cache_name: LRUCache
  block_cache_options:
    capacity : 8388608
    num_shard_bits : 4
    strict_capacity_limit : 0
    memory_allocator : None
    high_pri_pool_ratio: 0.000
  block_cache_compressed: 0x0
  persistent_cache: 0x0
  block_size: 4096
  block_size_deviation: 10
  block_restart_interval: 16
  index_block_restart_interval: 1
  metadata_block_size: 4096
  partition_filters: 0
  use_delta_encoding: 1
  filter_policy: nullptr
  whole_key_filtering: 1
  verify_compression: 0
  read_amp_bytes_per_bit: 0
  format_version: 4
  enable_index_compression: 1
  block_align: 0
2024/01/04-23:30:40.727593 118b4fe00        Options.write_buffer_size: 67108864
2024/01/04-23:30:40.727594 118b4fe00  Options.max_write_buffer_number: 2
2024/01/04-23:30:40.727595 118b4fe00          Options.compression: Snappy
2024/01/04-23:30:40.727596 118b4fe00                  Options.bottommost_compression: Disabled
2024/01/04-23:30:40.727596 118b4fe00       Options.prefix_extractor: nullptr
2024/01/04-23:30:40.727597 118b4fe00   Options.memtable_insert_with_hint_prefix_extractor: nullptr
2024/01/04-23:30:40.727598 118b4fe00             Options.num_levels: 7
2024/01/04-23:30:40.727599 118b4fe00        Options.min_write_buffer_number_to_merge: 1
2024/01/04-23:30:40.727599 118b4fe00     Options.max_write_buffer_number_to_maintain: 0
2024/01/04-23:30:40.727600 118b4fe00     Options.max_write_buffer_size_to_maintain: 0
2024/01/04-23:30:40.727601 118b4fe00            Options.bottommost_compression_opts.window_bits: -14
2024/01/04-23:30:40.727601 118b4fe00                  Options.bottommost_compression_opts.level: 32767
2024/01/04-23:30:40.727602 118b4fe00               Options.bottommost_compression_opts.strategy: 0
2024/01/04-23:30:40.727603 118b4fe00         Options.bottommost_compression_opts.max_dict_bytes: 0
2024/01/04-23:30:40.727603 118b4fe00         Options.bottommost_compression_opts.zstd_max_train_bytes: 0
2024/01/04-23:30:40.727604 118b4fe00         Options.bottommost_compression_opts.parallel_threads: 1
2024/01/04-23:30:40.727605 118b4fe00                  Options.bottommost_compression_opts.enabled: false
2024/01/04-23:30:40.727606 118b4fe00            Options.compression_opts.window_bits: -14
2024/01/04-23:30:40.727629 118b4fe00                  Options.compression_opts.level: 32767
2024/01/04-23:30:40.727630 118b4fe00               Options.compression_opts.strategy: 0
2024/01/04-23:30:40.727631 118b4fe00         Options.compression_opts.max_dict_bytes: 0
2024/01/04-23:30:40.727631 118b4fe00         Options.compression_opts.zstd_max_train_bytes: 0
2024/01/04-23:30:40.727632 118b4fe00         Options.compression_opts.parallel_threads: 1
2024/01/04-23:30:40.727633 118b4fe00                  Options.compression_opts.enabled: false
2024/01/04-23:30:40.727633 118b4fe00      Options.level0_file_num_compaction_trigger: 4
2024/01/04-23:30:40.727634 118b4fe00          Options.level0_slowdown_writes_trigger: 20
2024/01/04-23:30:40.727635 118b4fe00              Options.level0_stop_writes_trigger: 36
2024/01/04-23:30:40.727635 118b4fe00                   Options.target_file_size_base: 67108864
2024/01/04-23:30:40.727636 118b4fe00             Options.target_file_size_multiplier: 1
2024/01/04-23:30:40.727637 118b4fe00                Options.max_bytes_for_level_base: 268435456
2024/01/04-23:30:40.727638 118b4fe00 Options.level_compaction_dynamic_level_bytes: 0
2024/01/04-23:30:40.727638 118b4fe00          Options.max_bytes_for_level_multiplier: 10.000000
2024/01/04-23:30:40.727639 118b4fe00 Options.max_bytes_for_level_multiplier_addtl[0]: 1
2024/01/04-23:30:40.727640 118b4fe00 Options.max_bytes_for_level_multiplier_addtl[1]: 1
2024/01/04-23:30:40.727641 118b4fe00 Options.max_bytes_for_level_multiplier_addtl[2]: 1
2024/01/04-23:30:40.727641 118b4fe00 Options.max_bytes_for_level_multiplier_addtl[3]: 1
2024/01/04-23:30:40.727642 118b4fe00 Options.max_bytes_for_level_multiplier_addtl[4]: 1
2024/01/04-23:30:40.727643 118b4fe00 Options.max_bytes_for_level_multiplier_addtl[5]: 1
2024/01/04-23:30:40.727643 118b4fe00 Options.max_bytes_for_level_multiplier_addtl[6]: 1
2024/01/04-23:30:40.727644 118b4fe00       Options.max_sequential_skip_in_iterations: 8
2024/01/04-23:30:40.727645 118b4fe00                    Options.max_compaction_bytes: 1677721600
2024/01/04-23:30:40.727645 118b4fe00                        Options.arena_block_size: 8388608
2024/01/04-23:30:40.727646 118b4fe00   Options.soft_pending_compaction_bytes_limit: 68719476736
2024/01/04-23:30:40.727647 118b4fe00   Options.hard_pending_compaction_bytes_limit: 274877906944
2024/01/04-23:30:40.727648 118b4fe00       Options.rate_limit_delay_max_milliseconds: 100
2024/01/04-23:30:40.727648 118b4fe00                Options.disable_auto_compactions: 0
2024/01/04-23:30:40.727649 118b4fe00                        Options.compaction_style: kCompactionStyleLevel
2024/01/04-23:30:40.727650 118b4fe00                          Options.compaction_pri: kMinOverlappingRatio
2024/01/04-23:30:40.727651 118b4fe00 Options.compaction_options_universal.size_ratio: 1
2024/01/04-23:30:40.727652 118b4fe00 Options.compaction_options_universal.min_merge_width: 2
2024/01/04-23:30:40.727652 118b4fe00 Options.compaction_options_universal.max_merge_width: 4294967295
2024/01/04-23:30:40.727653 118b4fe00 Options.compaction_options_universal.max_size_amplification_percent: 200
2024/01/04-23:30:40.727654 118b4fe00 Options.compaction_options_universal.compression_size_percent: -1
2024/01/04-23:30:40.727655 118b4fe00 Options.compaction_options_universal.stop_style: kCompactionStopStyleTotalSize
2024/01/04-23:30:40.727656 118b4fe00 Options.compaction_options_fifo.max_table_files_size: 1073741824
2024/01/04-23:30:40.727656 118b4fe00 Options.compaction_options_fifo.allow_compaction: 0
2024/01/04-23:30:40.727664 118b4fe00                   Options.table_properties_collectors: 
2024/01/04-23:30:40.727665 118b4fe00                   Options.inplace_update_support: 0
2024/01/04-23:30:40.727665 118b4fe00                 Options.inplace_update_num_locks: 10000
2024/01/04-23:30:40.727666 118b4fe00               Options.memtable_prefix_bloom_size_ratio: 0.000000
2024/01/04-23:30:40.727667 118b4fe00               Options.memtable_whole_key_filtering: 0
2024/01/04-23:30:40.727668 118b4fe00   Options.memtable_huge_page_size: 0
2024/01/04-23:30:40.727682 118b4fe00                           Options.bloom_locality: 0
2024/01/04-23:30:40.727683 118b4fe00                    Options.max_successive_merges: 0
2024/01/04-23:30:40.727684 118b4fe00                Options.optimize_filters_for_hits: 0
2024/01/04-23:30:40.727684 118b4fe00                Options.paranoid_file_checks: 0
2024/01/04-23:30:40.727685 118b4fe00                Options.force_consistency_checks: 0
2024/01/04-23:30:40.727686 118b4fe00                Options.report_bg_io_stats: 0
2024/01/04-23:30:40.727686 118b4fe00                               Options.ttl: 2592000
2024/01/04-23:30:40.727687 118b4fe00          Options.periodic_compaction_seconds: 0
2024/01/04-23:30:40.727773 118b4fe00 [db/column_family.cc:580] --------------- Options for column family [RB]:
2024/01/04-23:30:40.727775 118b4fe00               Options.comparator: leveldb.BytewiseComparator
2024/01/04-23:30:40.727775 118b4fe00           Options.merge_operator: None
2024/01/04-23:30:40.727778 118b4fe00        Options.compaction_filter: filter_outdated
2024/01/04-23:30:40.727778 118b4fe00        Options.compaction_filter_factory: None
2024/01/04-23:30:40.727779 118b4fe00  Options.sst_partitioner_factory: None
2024/01/04-23:30:40.727780 118b4fe00         Options.memtable_factory: SkipListFactory
2024/01/04-23:30:40.727780 118b4fe00            Options.table_factory: BlockBasedTable
2024/01/04-23:30:40.727788 118b4fe00            table_factory options:   flush_block_policy_factory: FlushBlockBySizePolicyFactory (0x7fd17a30af80)
  cache_index_and_filter_blocks: 0
  cache_index_and_filter_blocks_with_high_priority: 1
  pin_l0_filter_and_index_blocks_in_cache: 0
  pin_top_level_index_and_filter: 1
  index_type: 0
  data_block_index_type: 0
  index_shortening: 1
  data_block_hash_table_util_ratio: 0.750000
  hash_index_allow_collision: 1
  checksum: 1
  no_block_cache: 0
  block_cache: 0x7fd17a30afc8
  block_cache_name: LRUCache
  block_cache_options:
    capacity : 8388608
    num_shard_bits : 4
    strict_capacity_limit : 0
    memory_allocator : None
    high_pri_pool_ratio: 0.000
  block_cache_compressed: 0x0
  persistent_cache: 0x0
  block_size: 4096
  block_size_deviation: 10
  block_restart_interval: 16
  index_block_restart_interval: 1
  metadata_block_size: 4096
  partition_filters: 0
  use_delta_encoding: 1
  filter_policy: nullptr
  whole_key_filtering: 1
  verify_compression: 0
  read_amp_bytes_per_bit: 0
  format_version: 4
  enable_index_compression: 1
  block_align: 0
2024/01/04-23:30:40.727789 118b4fe00        Options.write_buffer_size: 67108864
2024/01/04-23:30:40.727790 118b4fe00  Options.max_write_buffer_number: 2
2024/01/04-23:30:40.727791 118b4fe00          Options.compression: NoCompression
2024/01/04-23:30:40.727792 118b4fe00                  Options.bottommost_compression: Disabled
2024/01/04-23:30:40.727792 118b4fe00       Options.prefix_extractor: nullptr
2024/01/04-23:30:40.727793 118b4fe00   Options.memtable_insert_with_hint_prefix_extractor: nullptr
2024/01/04-23:30:40.727794 118b4fe00             Options.num_levels: 7
2024/01/04-23:30:40.727794 118b4fe00        Options.min_write_buffer_number_to_merge: 1
2024/01/04-23:30:40.727795 118b4fe00     Options.max_write_buffer_number_to_maintain: 0
2024/01/04-23:30:40.727796 118b4fe00     Options.max_write_buffer_size_to_maintain: 0
2024/01/04-23:30:40.727796 118b4fe00            Options.bottommost_compression_opts.window_bits: -14
2024/01/04-23:30:40.727797 118b4fe00                  Options.bottommost_compression_opts.level: 32767
2024/01/04-23:30:40.727798 118b4fe00               Options.bottommost_compression_opts.strategy: 0
2024/01/04-23:30:40.727799 118b4fe00         Options.bottommost_compression_opts.max_dict_bytes: 0
2024/01/04-23:30:40.727799 118b4fe00         Options.bottommost_compression_opts.zstd_max_train_bytes: 0
2024/01/04-23:30:40.727800 118b4fe00         Options.bottommost_compression_opts.parallel_threads: 1
2024/01/04-23:30:40.727801 118b4fe00                  Options.bottommost_compression_opts.enabled: false
2024/01/04-23:30:40.727818 118b4fe00            Options.compression_opts.window_bits: -14
2024/01/04-23:30:40.727819 118b4fe00                  Options.compression_opts.level: 32767
2024/01/04-23:30:40.727820 118b4fe00               Options.compression_opts.strategy: 0
2024/01/04-23:30:40.727820 118b4fe00         Options.compression_opts.max_dict_bytes: 0
2024/01/04-23:30:40.727821 118b4fe00         Options.compression_opts.zstd_max_train_bytes: 0
2024/01/04-23:30:40.727822 118b4fe00         Options.compression_opts.parallel_threads: 1
2024/01/04-23:30:40.727822 118b4fe00                  Options.compression_opts.enabled: false
2024/01/04-23:30:40.727823 118b4fe00      Options.level0_file_num_compaction_trigger: 4
2024/01/04-23:30:40.727824 118b4fe00          Options.level0_slowdown_writes_trigger: 20
2024/01/04-23:30:40.727825 118b4fe00              Options.level0_stop_writes_trigger: 36
2024/01/04-23:30:40.727825 118b4fe00                   Options.target_file_size_base: 67108864
2024/01/04-23:30:40.727826 118b4fe00             Options.target_file_size_multiplier: 1
2024/01/04-23:30:40.727827 118b4fe00                Options.max_bytes_for_level_base: 268435456
2024/01/04-23:30:40.727827 118b4fe00 Options.level_compaction_dynamic_level_bytes: 0
2024/01/04-23:30:40.727828 118b4fe00          Options.max_bytes_for_level_multiplier: 10.000000
2024/01/04-23:30:40.727829 118b4fe00 Options.max_bytes_for_level_multiplier_addtl[0]: 1
2024/01/04-23:30:40.727830 118b4fe00 Options.max_bytes_for_level_multiplier_addtl[1]: 1
2024/01/04-23:30:40.727830 118b4fe00 Options.max_bytes_for_level_multiplier_addtl[2]: 1
2024/01/04-23:30:40.727831 118b4fe00 Options.max_bytes_for_level_multiplier_addtl[3]: 1
2024/01/04-23:30:40.727832 118b4fe00 Options.max_bytes_for_level_multiplier_addtl[4]: 1
2024/01/04-23:30:40.727832 118b4fe00 Options.max_bytes_for_level_multiplier_addtl[5]: 1
2024/01/04-23:30:40.727833 118b4fe00 Options.max_bytes_for_level_multiplier_addtl[6]: 1
2024/01/04-23:30:40.727834 118b4fe00       Options.max_sequential_skip_in_iterations: 8
2024/01/04-23:30:40.727834 118b4fe00                    Options.max_compaction_bytes: 1677721600
2024/01/04-23:30:40.727835 118b4fe00                        Options.arena_block_size: 8388608
2024/01/04-23:30:40.727836 118b4fe00   Options.soft_pending_compaction_bytes_limit: 68719476736
2024/01/04-23:30:40.727836 118b4fe00   Options.hard_pending_compaction_bytes_limit: 274877906944
2024/01/04-23:30:40.727837 118b4fe00       Options.rate_limit_delay_max_milliseconds: 100
2024/01/04-23:30:40.727838 118b4fe00                Options.disable_auto_compactions: 1
2024/01/04-23:30:40.727838 118b4fe00                        Options.compaction_style: kCompactionStyleLevel
2024/01/04-23:30:40.727839 118b4fe00                          Options.compaction_pri: kMinOverlappingRatio
2024/01/04-23:30:40.727840 118b4fe00 Options.compaction_options_universal.size_ratio: 1
2024/01/04-23:30:40.727841 118b4fe00 Options.compaction_options_universal.min_merge_width: 2
2024/01/04-23:30:40.727841 118b4fe00 Options.compaction_options_universal.max_merge_width: 4294967295
2024/01/04-23:30:40.727842 118b4fe00 Options.compaction_options_universal.max_size_amplification_percent: 200
2024/01/04-23:30:40.727843 118b4fe00 Options.compaction_options_universal.compression_size_percent: -1
2024/01/04-23:30:40.727844 118b4fe00 Options.compaction_options_universal.stop_style: kCompactionStopStyleTotalSize
2024/01/04-23:30:40.727844 118b4fe00 Options.compaction_options_fifo.max_table_files_size: 1073741824
2024/01/04-23:30:40.727845 118b4fe00 Options.compaction_options_fifo.allow_compaction: 0
2024/01/04-23:30:40.727846 118b4fe00                   Options.table_properties_collectors: 
2024/01/04-23:30:40.727847 118b4fe00                   Options.inplace_update_support: 0
2024/01/04-23:30:40.727847 118b4fe00                 Options.inplace_update_num_locks: 10000
2024/01/04-23:30:40.727848 118b4fe00               Options.memtable_prefix_bloom_size_ratio: 0.000000
2024/01/04-23:30:40.727849 118b4fe00               Options.memtable_whole_key_filtering: 0
2024/01/04-23:30:40.727862 118b4fe00   Options.memtable_huge_page_size: 0
2024/01/04-23:30:40.727863 118b4fe00                           Options.bloom_locality: 0
2024/01/04-23:30:40.727864 118b4fe00                    Options.max_successive_merges: 0
2024/01/04-23:30:40.727864 118b4fe00                Options.optimize_filters_for_hits: 0
2024/01/04-23:30:40.727865 118b4fe00                Options.paranoid_file_checks: 0
2024/01/04-23:30:40.727865 118b4fe00                Options.force_consistency_checks: 0
2024/01/04-23:30:40.727866 118b4fe00                Options.report_bg_io_stats: 0
2024/01/04-23:30:40.727867 118b4fe00                               Options.ttl: 2592000
2024/01/04-23:30:40.727867 118b4fe00          Options.periodic_compaction_seconds: 2592000
2024/01/04-23:30:40.727906 118b4fe00 [db/column_family.cc:580] --------------- Options for column family [FZ]:
2024/01/04-23:30:40.727907 118b4fe00               Options.comparator: leveldb.BytewiseComparator
2024/01/04-23:30:40.727908 118b4fe00           Options.merge_operator: None
2024/01/04-23:30:40.727909 118b4fe00        Options.compaction_filter: filter_outdated
2024/01/04-23:30:40.727909 118b4fe00        Options.compaction_filter_factory: None
2024/01/04-23:30:40.727910 118b4fe00  Options.sst_partitioner_factory: None
2024/01/04-23:30:40.727911 118b4fe00         Options.memtable_factory: SkipListFactory
2024/01/04-23:30:40.727911 118b4fe00            Options.table_factory: BlockBasedTable
2024/01/04-23:30:40.727918 118b4fe00            table_factory options:   flush_block_policy_factory: FlushBlockBySizePolicyFactory (0x7fd17a30bb40)
  cache_index_and_filter_blocks: 0
  cache_index_and_filter_blocks_with_high_priority: 1
  pin_l0_filter_and_index_blocks_in_cache: 0
  pin_top_level_index_and_filter: 1
  index_type: 0
  data_block_index_type: 0
  index_shortening: 1
  data_block_hash_table_util_ratio: 0.750000
  hash_index_allow_collision: 1
  checksum: 1
  no_block_cache: 0
  block_cache: 0x7fd17a30bb88
  block_cache_name: LRUCache
  block_cache_options:
    capacity : 8388608
    num_shard_bits : 4
    strict_capacity_limit : 0
    memory_allocator : None
    high_pri_pool_ratio: 0.000
  block_cache_compressed: 0x0
  persistent_cache: 0x0
  block_size: 4096
  block_size_deviation: 10
  block_restart_interval: 16
  index_block_restart_interval: 1
  metadata_block_size: 4096
  partition_filters: 0
  use_delta_encoding: 1
  filter_policy: nullptr
  whole_key_filtering: 1
  verify_compression: 0
  read_amp_bytes_per_bit: 0
  format_version: 4
  enable_index_compression: 1
  block_align: 0
2024/01/04-23:30:40.727919 118b4fe00        Options.write_buffer_size: 67108864
2024/01/04-23:30:40.727920 118b4fe00  Options.max_write_buffer_number: 2
2024/01/04-23:30:40.727921 118b4fe00          Options.compression: NoCompression
2024/01/04-23:30:40.727921 118b4fe00                  Options.bottommost_compression: Disabled
2024/01/04-23:30:40.727922 118b4fe00       Options.prefix_extractor: nullptr
2024/01/04-23:30:40.727923 118b4fe00   Options.memtable_insert_with_hint_prefix_extractor: nullptr
2024/01/04-23:30:40.727923 118b4fe00             Options.num_levels: 7
2024/01/04-23:30:40.727924 118b4fe00        Options.min_write_buffer_number_to_merge: 1
2024/01/04-23:30:40.727925 118b4fe00     Options.max_write_buffer_number_to_maintain: 0
2024/01/04-23:30:40.727925 118b4fe00     Options.max_write_buffer_size_to_maintain: 0
2024/01/04-23:30:40.727926 118b4fe00            Options.bottommost_compression_opts.window_bits: -14
2024/01/04-23:30:40.727927 118b4fe00                  Options.bottommost_compression_opts.level: 32767
2024/01/04-23:30:40.727928 118b4fe00               Options.bottommost_compression_opts.strategy: 0
2024/01/04-23:30:40.727928 118b4fe00         Options.bottommost_compression_opts.max_dict_bytes: 0
2024/01/04-23:30:40.727929 118b4fe00         Options.bottommost_compression_opts.zstd_max_train_bytes: 0
2024/01/04-23:30:40.727930 118b4fe00         Options.bottommost_compression_opts.parallel_threads: 1
2024/01/04-23:30:40.727930 118b4fe00                  Options.bottommost_compression_opts.enabled: false
2024/01/04-23:30:40.727946 118b4fe00            Options.compression_opts.window_bits: -14
2024/01/04-23:30:40.727947 118b4fe00                  Options.compression_opts.level: 32767
2024/01/04-23:30:40.727948 118b4fe00               Options.compression_opts.strategy: 0
2024/01/04-23:30:40.727948 118b4fe00         Options.compression_opts.max_dict_bytes: 0
2024/01/04-23:30:40.727949 118b4fe00         Options.compression_opts.zstd_max_train_bytes: 0
2024/01/04-23:30:40.727950 118b4fe00         Options.compression_opts.parallel_threads: 1
2024/01/04-23:30:40.727950 118b4fe00                  Options.compression_opts.enabled: false
2024/01/04-23:30:40.727951 118b4fe00      Options.level0_file_num_compaction_trigger: 4
2024/01/04-23:30:40.727952 118b4fe00          Options.level0_slowdown_writes_trigger: 20
2024/01/04-23:30:40.727952 118b4fe00              Options.level0_stop_writes_trigger: 36
2024/01/04-23:30:40.727953 118b4fe00                   Options.target_file_size_base: 67108864
2024/01/04-23:30:40.727954 118b4fe00             Options.target_file_size_multiplier: 1
2024/01/04-23:30:40.727954 118b4fe00                Options.max_bytes_for_level_base: 268435456
2024/01/04-23:30:40.727955 118b4fe00 Options.level_compaction_dynamic_level_bytes: 0
2024/01/04-23:30:40.727956 118b4fe00          Options.max_bytes_for_level_multiplier: 10.000000
2024/01/04-23:30:40.727957 118b4fe00 Options.max_bytes_for_level_multiplier_addtl[0]: 1
2024/01/04-23:30:40.727957 118b4fe00 Options.max_bytes_for_level_multiplier_addtl[1]: 1
2024/01/04-23:30:40.727958 118b4fe00 Options.max_bytes_for_level_multiplier_addtl[2]: 1
2024/01/04-23:30:40.727959 118b4fe00 Options.max_bytes_for_level_multiplier_addtl[3]: 1
2024/01/04-23:30:40.727959 118b4fe00 Options.max_bytes_for_level_multiplier_addtl[4]: 1
2024/01/04-23:30:40.727960 118b4fe00 Options.max_bytes_for_level_multiplier_addtl[5]: 1
2024/01/04-23:30:40.727961 118b4fe00 Options.max_bytes_for_level_multiplier_addtl[6]: 1
2024/01/04-23:30:40.727961 118b4fe00       Options.max_sequential_skip_in_iterations: 8
2024/01/04-23:30:40.727962 118b4fe00                    Options.max_compaction_bytes: 1677721600
2024/01/04-23:30:40.727963 118b4fe00                        Options.arena_block_size: 8388608
2024/01/04-23:30:40.727963 118b4fe00   Options.soft_pending_compaction_bytes_limit: 68719476736
2024/01/04-23:30:40.727964 118b4fe00   Options.hard_pending_compaction_bytes_limit: 274877906944
2024/01/04-23:30:40.727965 118b4fe00       Options.rate_limit_delay_max_milliseconds: 100
2024/01/04-23:30:40.727965 118b4fe00                Options.disable_auto_compactions: 1
2024/01/04-23:30:40.727966 118b4fe00                        Options.compaction_style: kCompactionStyleLevel
2024/01/04-23:30:40.727967 118b4fe00                          Options.compaction_pri: kMinOverlappingRatio
2024/01/04-23:30:40.727967 118b4fe00 Options.compaction_options_universal.size_ratio: 1
2024/01/04-23:30:40.727968 118b4fe00 Options.compaction_options_universal.min_merge_width: 2
2024/01/04-23:30:40.727969 118b4fe00 Options.compaction_options_universal.max_merge_width: 4294967295
2024/01/04-23:30:40.727969 118b4fe00 Options.compaction_options_universal.max_size_amplification_percent: 200
2024/01/04-23:30:40.727970 118b4fe00 Options.compaction_options_universal.compression_size_percent: -1
2024/01/04-23:30:40.727971 118b4fe00 Options.compaction_options_universal.stop_style: kCompactionStopStyleTotalSize
2024/01/04-23:30:40.727972 118b4fe00 Options.compaction_options_fifo.max_table_files_size: 1073741824
2024/01/04-23:30:40.727972 118b4fe00 Options.compaction_options_fifo.allow_compaction: 0
2024/01/04-23:30:40.727973 118b4fe00                   Options.table_properties_collectors: 
2024/01/04-23:30:40.727974 118b4fe00                   Options.inplace_update_support: 0
2024/01/04-23:30:40.727975 118b4fe00                 Options.inplace_update_num_locks: 10000
2024/01/04-23:30:40.727975 118b4fe00               Options.memtable_prefix_bloom_size_ratio: 0.000000
2024/01/04-23:30:40.727988 118b4fe00               Options.memtable_whole_key_filtering: 0
2024/01/04-23:30:40.727989 118b4fe00   Options.memtable_huge_page_size: 0
2024/01/04-23:30:40.727989 118b4fe00                           Options.bloom_locality: 0
2024/01/04-23:30:40.727990 118b4fe00                    Options.max_successive_merges: 0
2024/01/04-23:30:40.727991 118b4fe00                Options.optimize_filters_for_hits: 0
2024/01/04-23:30:40.727991 118b4fe00                Options.paranoid_file_checks: 0
2024/01/04-23:30:40.727995 118b4fe00                Options.force_consistency_checks: 0
2024/01/04-23:30:40.727995 118b4fe00                Options.report_bg_io_stats: 0
2024/01/04-23:30:40.727996 118b4fe00                               Options.ttl: 2592000
2024/01/04-23:30:40.727997 118b4fe00          Options.periodic_compaction_seconds: 2592000
2024/01/04-23:30:40.728030 118b4fe00 [db/column_family.cc:580] --------------- Options for column family [NZ]:
2024/01/04-23:30:40.728031 118b4fe00               Options.comparator: leveldb.BytewiseComparator
2024/01/04-23:30:40.728032 118b4fe00           Options.merge_operator: None
2024/01/04-23:30:40.728033 118b4fe00        Options.compaction_filter: filter_outdated
2024/01/04-23:30:40.728034 118b4fe00        Options.compaction_filter_factory: None
2024/01/04-23:30:40.728034 118b4fe00  Options.sst_partitioner_factory: None
2024/01/04-23:30:40.728035 118b4fe00         Options.memtable_factory: SkipListFactory
2024/01/04-23:30:40.728036 118b4fe00            Options.table_factory: BlockBasedTable
2024/01/04-23:30:40.728043 118b4fe00            table_factory options:   flush_block_policy_factory: FlushBlockBySizePolicyFactory (0x7fd17a30c700)
  cache_index_and_filter_blocks: 0
  cache_index_and_filter_blocks_with_high_priority: 1
  pin_l0_filter_and_index_blocks_in_cache: 0
  pin_top_level_index_and_filter: 1
  index_type: 0
  data_block_index_type: 0
  index_shortening: 1
  data_block_hash_table_util_ratio: 0.750000
  hash_index_allow_collision: 1
  checksum: 1
  no_block_cache: 0
  block_cache: 0x7fd17a30c748
  block_cache_name: LRUCache
  block_cache_options:
    capacity : 8388608
    num_shard_bits : 4
    strict_capacity_limit : 0
    memory_allocator : None
    high_pri_pool_ratio: 0.000
  block_cache_compressed: 0x0
  persistent_cache: 0x0
  block_size: 4096
  block_size_deviation: 10
  block_restart_interval: 16
  index_block_restart_interval: 1
  metadata_block_size: 4096
  partition_filters: 0
  use_delta_encoding: 1
  filter_policy: nullptr
  whole_key_filtering: 1
  verify_compression: 0
  read_amp_bytes_per_bit: 0
  format_version: 4
  enable_index_compression: 1
  block_align: 0
2024/01/04-23:30:40.728044 118b4fe00        Options.write_buffer_size: 67108864
2024/01/04-23:30:40.728044 118b4fe00  Options.max_write_buffer_number: 2
2024/01/04-23:30:40.728045 118b4fe00          Options.compression: NoCompression
2024/01/04-23:30:40.728046 118b4fe00                  Options.bottommost_compression: Disabled
2024/01/04-23:30:40.728046 118b4fe00       Options.prefix_extractor: nullptr
2024/01/04-23:30:40.728047 118b4fe00   Options.memtable_insert_with_hint_prefix_extractor: nullptr
2024/01/04-23:30:40.728047 118b4fe00             Options.num_levels: 7
2024/01/04-23:30:40.728048 118b4fe00        Options.min_write_buffer_number_to_merge: 1
2024/01/04-23:30:40.728049 118b4fe00     Options.max_write_buffer_number_to_maintain: 0
2024/01/04-23:30:40.728050 118b4fe00     Options.max_write_buffer_size_to_maintain: 0
2024/01/04-23:30:40.728050 118b4fe00            Options.bottommost_compression_opts.window_bits: -14
2024/01/04-23:30:40.728051 118b4fe00                  Options.bottommost_compression_opts.level: 32767
2024/01/04-23:30:40.728052 118b4fe00               Options.bottommost_compression_opts.strategy: 0
2024/01/04-23:30:40.728052 118b4fe00         Options.bottommost_compression_opts.max_dict_bytes: 0
2024/01/04-23:30:40.728053 118b4fe00         Options.bottommost_compression_opts.zstd_max_train_bytes: 0
2024/01/04-23:30:40.728054 118b4fe00         Options.bottommost_compression_opts.parallel_threads: 1
2024/01/04-23:30:40.728068 118b4fe00                  Options.bottommost_compression_opts.enabled: false
2024/01/04-23:30:40.728069 118b4fe00            Options.compression_opts.window_bits: -14
2024/01/04-23:30:40.728070 118b4fe00                  Options.compression_opts.level: 32767
2024/01/04-23:30:40.728071 118b4fe00               Options.compression_opts.strategy: 0
2024/01/04-23:30:40.728071 118b4fe00         Options.compression_opts.max_dict_bytes: 0
2024/01/04-23:30:40.728072 118b4fe00         Options.compression_opts.zstd_max_train_bytes: 0
2024/01/04-23:30:40.728073 118b4fe00         Options.compression_opts.parallel_threads: 1
2024/01/04-23:30:40.728073 118b4fe00                  Options.compression_opts.enabled: false
2024/01/04-23:30:40.728074 118b4fe00      Options.level0_file_num_compaction_trigger: 4
2024/01/04-23:30:40.728075 118b4fe00          Options.level0_slowdown_writes_trigger: 20
2024/01/04-23:30:40.728075 118b4fe00              Options.level0_stop_writes_trigger: 36
2024/01/04-23:30:40.728076 118b4fe00                   Options.target_file_size_base: 67108864
2024/01/04-23:30:40.728077 118b4fe00             Options.target_file_size_multiplier: 1
2024/01/04-23:30:40.728077 118b4fe00                Options.max_bytes_for_level_base: 268435456
2024/01/04-23:30:40.728078 118b4fe00 Options.level_compaction_dynamic_level_bytes: 0
2024/01/04-23:30:40.728079 118b4fe00          Options.max_bytes_for_level_multiplier: 10.000000
2024/01/04-23:30:40.728079 118b4fe00 Options.max_bytes_for_level_multiplier_addtl[0]: 1
2024/01/04-23:30:40.728080 118b4fe00 Options.max_bytes_for_level_multiplier_addtl[1]: 1
2024/01/04-23:30:40.728081 118b4fe00 Options.max_bytes_for_level_multiplier_addtl[2]: 1
2024/01/04-23:30:40.728081 118b4fe00 Options.max_bytes_for_level_multiplier_addtl[3]: 1
2024/01/04-23:30:40.728082 118b4fe00 Options.max_bytes_for_level_multiplier_addtl[4]: 1
2024/01/04-23:30:40.728083 118b4fe00 Options.max_bytes_for_level_multiplier_addtl[5]: 1
2024/01/04-23:30:40.728083 118b4fe00 Options.max_bytes_for_level_multiplier_addtl[6]: 1
2024/01/04-23:30:40.728084 118b4fe00       Options.max_sequential_skip_in_iterations: 8
2024/01/04-23:30:40.728085 118b4fe00                    Options.max_compaction_bytes: 1677721600
2024/01/04-23:30:40.728085 118b4fe00                        Options.arena_block_size: 8388608
2024/01/04-23:30:40.728086 118b4fe00   Options.soft_pending_compaction_bytes_limit: 68719476736
2024/01/04-23:30:40.728087 118b4fe00   Options.hard_pending_compaction_bytes_limit: 274877906944
2024/01/04-23:30:40.728087 118b4fe00       Options.rate_limit_delay_max_milliseconds: 100
2024/01/04-23:30:40.728088 118b4fe00                Options.disable_auto_compactions: 1
2024/01/04-23:30:40.728089 118b4fe00                        Options.compaction_style: kCompactionStyleLevel
2024/01/04-23:30:40.728090 118b4fe00                          Options.compaction_pri: kMinOverlappingRatio
